3.575 5.075
3.625 5.025
3.675 4.975
3.725 4.925
3.775 4.875
3.825 4.825
3.875 4.775
3.925 4.725
3.975 4.675
4.025 4.625
4.075 4.575
4.125 4.525
4.175 4.475
4.225 4.425
4.275 4.375
4.325 4.325
4.375 4.275
4.425 4.225
4.475 4.225
4.525 4.225
4.575 4.225
4.625 4.225
4.675 4.225
4.725 4.225
4.775 4.225
4.825 4.225
4.875 4.225
4.925 4.225
4.975 4.225
5.025 4.225
5.075 4.225
5.125 4.225
5.175 4.225
5.225 4.225
5.275 4.225
5.325 4.225
5.375 4.225
5.425 4.225
5.475 4.225
5.525 4.225
5.575 4.225
5.625 4.225
5.675 4.225
5.725 4.225
5.775 4.225
5.825 4.225
5.875 4.225
5.925 4.225
5.975 4.225
6.025 4.225
6.075 4.225
6.125 4.225
6.175 4.225
6.225 4.225
6.275 4.225
6.325 4.225
6.375 4.225
6.425 4.225
6.475 4.225
6.525 4.225
6.575 4.225
6.625 4.225
6.675 4.225
6.725 4.225
6.775 4.225
6.825 4.225
6.875 4.175
6.925 4.175
6.975 4.125
7.025 4.075
7.075 4.025
7.125 3.975
7.175 3.925
7.225 3.875
7.275 3.825
7.325 3.775
7.375 3.725
7.425 3.675
7.475 3.625
7.525 3.575
7.575 3.525
7.625 3.475
7.675 3.425
7.725 3.375
7.775 3.325
7.825 3.275
7.875 3.225
7.925 3.175
7.975 3.125
8.025 3.075
8.075 3.025
8.125 2.975
8.175 2.925
8.225 2.875
8.275 2.825
8.325 2.775
8.375 2.725
8.425 2.675
8.475 2.625
8.525 2.575
8.575 2.525
8.625 2.475
8.675 2.425
8.725 2.375
8.775 2.325
8.825 2.275
8.875 2.225
8.925 2.225
8.975 2.225
9.025 2.225
9.075 2.225
9.125 2.225
9.175 2.225
9.225 2.225
9.275 2.225
9.325 2.225
9.375 2.225
9.425 2.225
9.475 2.225
9.525 2.225
9.575 2.225
9.625 2.225
9.675 2.225
9.725 2.225
9.775 2.225
9.825 2.225
9.875 2.225
9.925 2.225
9.975 2.225
10.025 2.225
10.075 2.225
10.125 2.225
10.175 2.225
10.225 2.225
10.275 2.225
10.325 2.225
10.375 2.225
10.425 2.225
10.475 2.225
10.525 2.225
10.575 2.225
10.625 2.225
10.675 2.225
10.725 2.225
10.775 2.225
10.825 2.225
10.875 2.225
10.925 2.225
10.975 2.225
11.025 2.225
11.075 2.225
11.125 2.225
11.175 2.225
11.225 2.225
11.275 2.225
