5.525 7.025
5.475 6.975
5.475 6.925
5.475 6.875
5.475 6.825
5.475 6.775
5.475 6.725
5.475 6.675
5.475 6.625
5.475 6.575
5.475 6.525
5.475 6.475
5.475 6.425
5.475 6.375
5.475 6.325
5.475 6.275
5.475 6.225
5.475 6.175
5.475 6.125
5.475 6.075
5.475 6.025
5.425 5.975
5.425 5.925
5.375 5.875
5.325 5.825
5.275 5.775
5.225 5.725
5.175 5.675
5.125 5.625
5.075 5.575
5.025 5.525
4.975 5.475
4.925 5.425
4.875 5.375
4.825 5.325
4.775 5.275
4.725 5.225
4.725 5.175
4.725 5.125
4.725 5.075
4.725 5.025
4.725 4.975
4.725 4.925
4.725 4.875
4.725 4.825
4.675 4.775
4.675 4.725
4.625 4.675
4.575 4.625
4.525 4.575
4.475 4.525
4.425 4.475
4.375 4.425
4.325 4.375
4.275 4.325
4.225 4.275
4.175 4.225
4.125 4.175
4.075 4.125
4.025 4.075
3.975 4.025
3.925 3.975
3.875 3.925
3.825 3.875
3.775 3.825
3.725 3.775
3.675 3.725
3.625 3.675
3.575 3.625
3.525 3.575
3.475 3.525
3.425 3.475
3.375 3.425
3.325 3.375
3.275 3.325
3.225 3.275
3.175 3.225
3.125 3.175
3.075 3.125
3.025 3.075
2.975 3.025
2.925 2.975
2.875 2.925
2.875 2.875
2.875 2.825
2.875 2.775
2.875 2.725
2.875 2.675
2.875 2.625
2.875 2.575
2.875 2.525
2.875 2.475
2.875 2.425
2.875 2.375
2.875 2.325
2.875 2.275
