4.825 4.425
4.825 4.375
4.825 4.325
4.825 4.275
4.825 4.225
4.825 4.175
4.825 4.125
4.825 4.075
4.825 4.025
4.825 3.975
4.825 3.925
4.825 3.875
4.825 3.825
4.825 3.775
4.875 3.725
4.875 3.675
4.875 3.625
4.875 3.575
4.875 3.525
4.875 3.475
4.875 3.425
4.875 3.375
4.875 3.325
4.875 3.275
4.875 3.225
4.875 3.175
4.875 3.125
4.825 3.075
4.825 3.025
4.775 2.975
4.725 2.925
4.675 2.875
4.625 2.825
4.575 2.775
4.525 2.725
4.475 2.675
4.425 2.625
4.375 2.575
4.325 2.525
4.275 2.475
4.225 2.425
4.175 2.375
4.125 2.325
4.075 2.275
4.025 2.225
3.975 2.175
3.925 2.125
3.875 2.075
3.825 2.025
3.775 1.975
3.725 1.925
3.675 1.875
3.625 1.825
3.575 1.775
3.525 1.725
3.475 1.675
3.425 1.625
3.375 1.575
3.325 1.525
3.275 1.475
3.225 1.425
3.175 1.375
3.125 1.325
3.075 1.275
3.025 1.225
2.975 1.175
2.925 1.125
2.875 1.075
2.825 1.025
2.775 0.975
2.725 0.925
2.675 0.875
2.625 0.825
2.575 0.775
2.525 0.725
2.475 0.675
2.425 0.625
2.375 0.575
2.325 0.525
2.275 0.475
2.225 0.425
2.175 0.375
2.125 0.375
2.075 0.375
2.025 0.375
1.975 0.375
1.925 0.375
1.875 0.375
1.825 0.375
1.775 0.375
1.725 0.375
1.675 0.375
1.625 0.375
1.575 0.375
1.525 0.375
1.475 0.375
1.425 0.375
1.375 0.375
1.325 0.375
1.275 0.375
1.225 0.375
1.175 0.375
1.125 0.375
1.075 0.375
1.025 0.375
0.975 0.375
0.925 0.375
