3.775 2.675
3.725 2.725
3.675 2.775
3.625 2.825
3.575 2.875
3.525 2.925
3.475 2.975
3.425 3.025
3.375 3.075
3.325 3.125
3.275 3.175
3.225 3.225
3.175 3.275
3.125 3.325
3.075 3.375
3.025 3.425
2.975 3.475
2.925 3.525
2.875 3.575
2.825 3.625
2.775 3.675
2.725 3.725
2.675 3.775
2.625 3.825
2.575 3.875
2.525 3.925
2.475 3.975
2.425 4.025
2.375 4.075
2.325 4.125
2.275 4.175
2.225 4.225
2.175 4.275
2.125 4.325
2.125 4.375
2.125 4.425
2.125 4.475
2.125 4.525
2.125 4.575
2.125 4.625
2.125 4.675
2.125 4.725
2.125 4.775
2.125 4.825
2.125 4.875
2.125 4.925
2.125 4.975
2.125 5.025
2.125 5.075
2.125 5.125
2.125 5.175
2.125 5.225
2.125 5.275
2.125 5.325
2.125 5.375
2.125 5.425
2.125 5.475
2.125 5.525
2.125 5.575
2.125 5.625
2.125 5.675
2.125 5.725
2.125 5.775
2.125 5.825
2.125 5.875
2.125 5.925
2.125 5.975
2.125 6.025
2.125 6.075
2.125 6.125
2.125 6.175
2.125 6.225
2.125 6.275
2.125 6.325
2.125 6.375
2.125 6.425
2.125 6.475
2.125 6.525
2.125 6.575
2.125 6.625
2.125 6.675
2.125 6.725
2.125 6.775
2.125 6.825
2.125 6.875
2.125 6.925
2.125 6.975
2.125 7.025
2.125 7.075
2.125 7.125
2.125 7.175
2.125 7.225
2.125 7.275
2.125 7.325
2.125 7.375
2.125 7.425
2.125 7.475
2.125 7.525
2.125 7.575
2.125 7.625
2.125 7.675
2.125 7.725
2.125 7.775
2.125 7.825
2.125 7.875
2.125 7.925
2.125 7.975
