0.425 8.625
0.475 8.575
0.525 8.525
0.575 8.475
0.625 8.425
0.675 8.375
0.725 8.325
0.775 8.275
0.825 8.225
0.875 8.175
0.925 8.125
0.975 8.075
1.025 8.025
1.075 7.975
1.125 7.925
1.175 7.875
1.225 7.825
1.275 7.775
1.325 7.725
1.375 7.675
1.425 7.625
1.475 7.575
1.525 7.525
1.575 7.475
1.625 7.425
1.675 7.425
1.725 7.425
1.775 7.425
1.825 7.425
1.875 7.425
1.925 7.425
1.975 7.425
2.025 7.425
2.075 7.425
2.125 7.425
2.175 7.425
2.225 7.425
2.275 7.425
2.325 7.425
2.375 7.425
2.425 7.425
2.475 7.425
2.525 7.425
2.575 7.425
2.625 7.425
2.675 7.425
2.725 7.425
2.775 7.375
2.825 7.375
2.875 7.325
2.925 7.275
2.975 7.225
3.025 7.175
3.075 7.125
3.125 7.075
3.175 7.025
3.225 6.975
3.275 6.925
3.325 6.875
3.375 6.825
3.425 6.775
3.475 6.725
3.525 6.675
3.575 6.625
3.625 6.625
3.675 6.625
3.725 6.625
3.775 6.625
3.825 6.625
3.875 6.625
3.925 6.625
3.975 6.625
4.025 6.625
4.075 6.625
4.125 6.625
4.175 6.625
4.225 6.625
4.275 6.625
4.325 6.625
4.375 6.625
4.425 6.625
4.475 6.625
4.525 6.625
4.575 6.625
4.625 6.625
4.675 6.625
4.725 6.625
4.775 6.625
4.825 6.625
4.875 6.625
4.925 6.625
4.975 6.625
5.025 6.625
5.075 6.625
5.125 6.625
5.175 6.625
5.225 6.625
5.275 6.625
5.325 6.625
5.375 6.625
5.425 6.625
5.475 6.625
5.525 6.625
5.575 6.625
5.625 6.625
5.675 6.625
5.725 6.625
5.775 6.625
5.825 6.625
5.875 6.625
5.925 6.625
5.975 6.625
6.025 6.625
6.075 6.625
6.125 6.625
