0.475 6.525
0.525 6.575
0.575 6.625
0.625 6.675
0.675 6.725
0.725 6.725
0.775 6.725
0.825 6.725
0.875 6.725
0.925 6.725
0.975 6.725
1.025 6.725
1.075 6.725
1.125 6.725
1.175 6.725
1.225 6.725
1.275 6.725
1.325 6.725
1.375 6.725
1.425 6.725
1.475 6.725
1.525 6.725
1.575 6.725
1.625 6.725
1.675 6.725
1.725 6.725
1.775 6.725
1.825 6.725
1.875 6.725
1.925 6.725
1.975 6.725
2.025 6.725
2.075 6.725
2.125 6.725
2.175 6.725
2.225 6.725
2.275 6.725
2.325 6.725
2.375 6.725
2.425 6.725
2.475 6.725
2.525 6.725
2.575 6.725
2.625 6.725
2.675 6.725
2.725 6.725
2.775 6.725
2.825 6.725
2.875 6.725
2.925 6.725
2.975 6.725
3.025 6.725
3.075 6.725
3.125 6.725
3.175 6.725
3.225 6.725
3.275 6.725
3.325 6.725
3.375 6.725
3.425 6.725
3.475 6.725
3.525 6.725
3.575 6.725
3.625 6.725
3.675 6.725
3.725 6.725
3.775 6.725
3.825 6.725
3.875 6.725
3.925 6.725
3.975 6.725
4.025 6.725
4.075 6.725
4.125 6.725
4.175 6.725
4.225 6.725
4.275 6.725
4.325 6.725
4.375 6.725
4.425 6.725
4.475 6.725
4.525 6.725
4.575 6.725
4.625 6.725
4.675 6.725
4.725 6.725
4.775 6.725
4.825 6.725
4.875 6.725
4.925 6.725
4.975 6.725
5.025 6.725
5.075 6.725
5.125 6.725
5.175 6.725
5.225 6.725
5.275 6.725
5.325 6.725
5.375 6.725
5.425 6.725
5.475 6.725
5.525 6.725
5.575 6.725
5.625 6.725
5.675 6.725
5.725 6.725
5.775 6.725
