3.075 2.925
3.125 2.975
3.175 3.025
3.225 3.075
3.275 3.125
3.325 3.175
3.375 3.225
3.425 3.275
3.475 3.325
3.525 3.375
3.575 3.425
3.625 3.475
3.675 3.525
3.725 3.575
3.775 3.625
3.825 3.675
3.875 3.675
3.925 3.675
3.975 3.675
4.025 3.675
4.075 3.675
4.125 3.675
4.175 3.675
4.225 3.675
4.275 3.675
4.325 3.675
4.375 3.675
4.425 3.675
4.475 3.675
4.525 3.675
4.575 3.675
4.625 3.675
4.675 3.675
4.725 3.675
4.775 3.675
4.825 3.675
4.875 3.675
4.925 3.675
4.975 3.675
5.025 3.675
5.075 3.675
5.125 3.675
5.175 3.675
5.225 3.675
5.275 3.675
5.325 3.675
5.375 3.675
5.425 3.675
5.475 3.675
5.525 3.675
5.575 3.675
5.625 3.675
5.675 3.675
5.725 3.675
5.775 3.675
5.825 3.675
5.875 3.675
5.925 3.675
5.975 3.675
6.025 3.675
6.075 3.675
6.125 3.675
6.175 3.675
6.225 3.675
6.275 3.675
6.325 3.675
6.375 3.675
6.425 3.675
6.475 3.675
6.525 3.675
6.575 3.675
6.625 3.675
6.675 3.675
6.725 3.675
6.775 3.675
6.825 3.675
6.875 3.675
6.925 3.675
6.975 3.675
7.025 3.675
7.075 3.675
7.125 3.675
7.175 3.675
7.225 3.675
7.275 3.675
7.325 3.675
7.375 3.675
7.425 3.675
7.475 3.675
7.525 3.675
7.575 3.675
7.625 3.675
7.675 3.675
7.725 3.675
7.775 3.675
7.825 3.675
7.875 3.675
7.925 3.675
7.975 3.675
8.025 3.675
