6.025 7.175
5.975 7.125
5.925 7.075
5.875 7.025
5.825 6.975
5.775 6.925
5.725 6.875
5.675 6.825
5.625 6.775
5.575 6.725
5.525 6.675
5.475 6.625
5.425 6.575
5.375 6.525
5.325 6.475
5.275 6.425
5.225 6.375
5.175 6.325
5.125 6.325
5.075 6.325
5.025 6.325
4.975 6.325
4.925 6.325
4.875 6.325
4.825 6.325
4.775 6.325
4.725 6.325
4.675 6.325
4.625 6.325
4.575 6.325
4.525 6.325
4.475 6.325
4.425 6.325
4.375 6.325
4.325 6.325
4.275 6.325
4.225 6.325
4.175 6.325
4.125 6.325
4.075 6.325
4.025 6.325
3.975 6.325
3.925 6.325
3.875 6.275
3.825 6.275
3.775 6.225
3.725 6.175
3.675 6.125
3.625 6.075
3.575 6.025
3.525 5.975
3.475 5.925
3.425 5.875
3.375 5.825
3.325 5.775
3.275 5.725
3.225 5.675
3.175 5.625
3.125 5.575
3.075 5.525
3.025 5.475
2.975 5.425
2.925 5.375
2.875 5.325
2.825 5.275
2.775 5.225
2.725 5.175
2.675 5.125
2.625 5.075
2.575 5.025
2.525 4.975
2.475 4.975
2.425 4.975
2.375 4.975
2.325 4.975
2.275 4.975
2.225 4.975
2.175 4.975
2.125 4.975
2.075 4.975
2.025 4.975
1.975 4.975
1.925 4.975
1.875 4.975
1.825 4.975
1.775 4.975
1.725 4.975
1.675 4.975
1.625 4.975
1.575 4.975
1.525 4.975
1.475 4.975
1.425 4.975
1.375 4.975
1.325 4.975
1.275 4.975
1.225 4.975
1.175 4.975
1.125 4.975
1.075 4.975
1.025 4.975
0.975 4.975
0.925 4.975
0.875 4.975
0.825 4.975
