8.775 5.575
8.725 5.525
8.675 5.475
8.625 5.425
8.575 5.375
8.525 5.325
8.475 5.275
8.425 5.225
8.375 5.175
8.325 5.125
8.275 5.075
8.225 5.025
8.175 4.975
8.125 4.925
8.075 4.875
8.025 4.825
7.975 4.775
7.925 4.725
7.875 4.675
7.825 4.625
7.775 4.575
7.725 4.525
7.675 4.475
7.625 4.425
7.575 4.375
7.525 4.325
7.475 4.275
7.425 4.225
7.375 4.175
7.325 4.125
7.275 4.075
7.225 4.025
7.175 3.975
7.125 3.925
7.075 3.925
7.025 3.925
6.975 3.925
6.925 3.925
6.875 3.925
6.825 3.925
6.775 3.925
6.725 3.925
6.675 3.925
6.625 3.925
6.575 3.925
6.525 3.925
6.475 3.925
6.425 3.925
6.375 3.925
6.325 3.925
6.275 3.925
6.225 3.925
6.175 3.925
6.125 3.925
6.075 3.925
6.025 3.925
5.975 3.925
5.925 3.925
5.875 3.925
5.825 3.925
5.775 3.925
5.725 3.975
5.675 3.975
5.625 3.975
5.575 3.975
5.525 3.975
5.475 3.975
5.425 3.975
5.375 3.975
5.325 3.975
5.275 3.975
5.225 3.975
5.175 3.975
5.125 3.975
5.075 3.975
5.025 3.925
4.975 3.925
4.925 3.875
4.875 3.825
4.825 3.775
4.775 3.725
4.725 3.675
4.675 3.625
4.625 3.575
4.575 3.525
4.525 3.475
4.475 3.425
4.425 3.375
4.375 3.325
4.325 3.275
4.275 3.225
4.225 3.175
4.175 3.125
4.125 3.075
4.075 3.075
4.025 3.075
