11.025 6.275
10.975 6.225
10.925 6.175
10.875 6.125
10.825 6.075
10.775 6.025
10.725 5.975
10.675 5.925
10.625 5.875
10.575 5.825
10.525 5.775
10.475 5.725
10.425 5.675
10.375 5.625
10.325 5.575
10.275 5.525
10.225 5.475
10.175 5.425
10.125 5.375
10.075 5.325
10.025 5.275
9.975 5.225
9.925 5.175
9.875 5.125
9.825 5.075
9.775 5.025
9.725 4.975
9.675 4.925
9.625 4.875
9.575 4.825
9.525 4.775
9.475 4.725
9.425 4.675
9.375 4.625
9.325 4.575
9.275 4.525
9.225 4.475
9.175 4.425
9.125 4.375
9.075 4.325
9.025 4.275
8.975 4.225
8.925 4.175
8.875 4.125
8.825 4.075
8.775 4.025
8.725 3.975
8.675 3.925
8.625 3.875
8.575 3.825
8.525 3.775
8.475 3.725
8.425 3.675
8.375 3.625
8.325 3.575
8.275 3.525
8.225 3.475
8.175 3.425
8.125 3.375
8.075 3.325
8.025 3.275
7.975 3.225
7.925 3.175
7.875 3.125
7.825 3.075
7.825 3.025
7.825 2.975
7.825 2.925
7.825 2.875
7.825 2.825
7.825 2.775
7.825 2.725
7.825 2.675
7.825 2.625
7.825 2.575
7.825 2.525
7.825 2.475
7.825 2.425
7.825 2.375
7.825 2.325
7.825 2.275
7.825 2.225
7.825 2.175
7.825 2.125
7.825 2.075
7.825 2.025
7.825 1.975
7.825 1.925
7.825 1.875
7.825 1.825
7.825 1.775
7.825 1.725
7.825 1.675
7.825 1.625
7.825 1.575
7.825 1.525
7.825 1.475
7.825 1.425
7.825 1.375
