5.675 5.325
5.725 5.325
5.775 5.325
5.825 5.325
5.875 5.325
5.925 5.325
5.975 5.325
6.025 5.325
6.075 5.375
6.125 5.425
6.175 5.475
6.225 5.525
6.275 5.575
6.325 5.625
6.375 5.675
6.425 5.725
6.475 5.775
6.525 5.775
6.575 5.825
6.625 5.825
6.675 5.825
6.725 5.825
6.775 5.825
6.825 5.775
6.875 5.775
6.925 5.725
6.975 5.675
7.025 5.625
7.075 5.575
7.125 5.525
7.175 5.475
7.225 5.425
7.275 5.425
7.325 5.425
7.375 5.425
7.425 5.425
7.475 5.425
7.525 5.425
7.575 5.425
7.625 5.425
7.675 5.425
7.725 5.425
7.775 5.425
7.825 5.425
7.875 5.425
7.925 5.375
7.975 5.375
8.025 5.325
8.075 5.275
8.125 5.225
8.175 5.175
8.225 5.125
8.275 5.075
8.325 5.025
8.375 5.025
8.425 5.025
8.475 5.025
8.525 5.025
8.575 5.025
8.625 5.025
8.675 5.025
8.725 5.025
8.775 5.025
8.825 5.025
8.875 5.025
8.925 5.025
8.975 5.025
9.025 5.025
9.075 5.025
9.125 5.025
9.175 5.025
9.225 5.025
9.275 5.025
9.325 5.025
9.375 5.025
9.425 5.025
9.475 5.025
9.525 5.025
9.575 5.025
9.625 5.025
9.675 5.025
9.725 5.025
9.775 5.025
9.825 5.025
9.875 5.025
9.925 5.025
9.975 5.025
10.025 5.025
10.075 5.025
10.125 5.025
10.175 5.025
10.225 5.025
10.275 5.025
10.325 5.025
10.375 5.025
10.425 5.025
10.475 5.025
10.525 5.025
10.575 5.025
10.625 5.025
10.675 5.025
10.725 5.025
10.775 5.025
10.825 5.025
10.875 5.025
10.925 5.025
10.975 5.025
