1.625 6.325
1.675 6.275
1.725 6.225
1.775 6.175
1.825 6.125
1.875 6.075
1.925 6.025
1.975 5.975
2.025 5.925
2.075 5.875
2.125 5.825
2.175 5.775
2.225 5.725
2.275 5.675
2.325 5.625
2.375 5.575
2.425 5.525
2.475 5.475
2.525 5.425
2.575 5.375
2.625 5.325
2.675 5.275
2.725 5.225
2.775 5.175
2.825 5.125
2.875 5.075
2.925 5.025
2.975 4.975
3.025 4.925
3.075 4.875
3.125 4.825
3.175 4.775
3.225 4.725
3.275 4.675
3.325 4.625
3.375 4.575
3.425 4.525
3.475 4.475
3.525 4.425
3.575 4.375
3.625 4.325
3.675 4.275
3.725 4.225
3.775 4.175
3.825 4.125
3.875 4.075
3.925 4.025
3.975 3.975
4.025 3.925
4.075 3.875
4.125 3.825
4.175 3.775
4.225 3.725
4.275 3.675
4.325 3.625
4.375 3.575
4.425 3.525
4.475 3.475
4.525 3.425
4.575 3.375
4.625 3.325
4.675 3.275
4.725 3.225
4.775 3.175
4.825 3.125
4.875 3.075
4.925 3.025
4.975 2.975
5.025 2.925
5.075 2.875
5.125 2.825
5.175 2.775
5.225 2.725
5.275 2.675
5.325 2.625
5.375 2.625
5.425 2.625
5.475 2.625
5.525 2.625
5.575 2.625
5.625 2.625
5.675 2.625
5.725 2.625
5.775 2.625
5.825 2.625
5.875 2.625
5.925 2.625
5.975 2.625
6.025 2.625
6.075 2.625
6.125 2.625
6.175 2.625
6.225 2.625
6.275 2.625
6.325 2.625
6.375 2.625
6.425 2.625
6.475 2.625
6.525 2.625
6.575 2.625
6.625 2.625
