0.675 7.625
0.725 7.575
0.775 7.525
0.825 7.475
0.875 7.425
0.925 7.375
0.975 7.325
1.025 7.275
1.075 7.225
1.125 7.175
1.175 7.125
1.225 7.075
1.275 7.025
1.325 6.975
1.375 6.925
1.425 6.875
1.475 6.825
1.525 6.775
1.575 6.725
1.625 6.675
1.675 6.625
1.725 6.575
1.775 6.525
1.825 6.475
1.875 6.425
1.925 6.375
1.975 6.325
2.025 6.275
2.075 6.225
2.125 6.175
2.175 6.125
2.225 6.075
2.275 6.025
2.325 5.975
2.375 5.925
2.425 5.875
2.475 5.825
2.525 5.775
2.575 5.725
2.625 5.675
2.675 5.625
2.725 5.575
2.775 5.525
2.825 5.475
2.875 5.425
2.925 5.375
2.975 5.325
3.025 5.275
3.075 5.225
3.125 5.175
3.175 5.125
3.225 5.075
3.275 5.025
3.325 4.975
3.375 4.925
3.425 4.875
3.475 4.825
3.525 4.775
3.575 4.725
3.625 4.675
3.675 4.625
3.725 4.575
3.775 4.525
3.825 4.475
3.875 4.425
3.925 4.375
3.975 4.325
4.025 4.275
4.075 4.225
4.125 4.175
4.175 4.125
4.225 4.075
4.275 4.025
4.325 3.975
4.375 3.925
4.425 3.875
4.475 3.825
4.525 3.775
4.575 3.725
4.625 3.675
4.675 3.625
4.725 3.575
4.775 3.525
4.825 3.475
4.875 3.425
4.925 3.375
4.975 3.325
5.025 3.275
5.075 3.225
5.125 3.175
5.175 3.125
5.225 3.075
5.275 3.025
5.325 2.975
5.375 2.925
5.425 2.875
5.475 2.875
