4.575 6.075
4.625 6.025
4.675 5.975
4.725 5.925
4.775 5.925
4.825 5.925
4.875 5.925
4.925 5.925
4.975 5.925
5.025 5.925
5.075 5.925
5.125 5.925
5.175 5.925
5.225 5.875
5.275 5.875
5.325 5.825
5.375 5.775
5.425 5.725
5.475 5.675
5.525 5.625
5.575 5.575
5.625 5.525
5.675 5.475
5.725 5.425
5.775 5.375
5.825 5.375
5.875 5.375
5.925 5.375
5.975 5.375
6.025 5.375
6.075 5.375
6.125 5.375
6.175 5.375
6.225 5.375
6.275 5.375
6.325 5.325
6.375 5.325
6.425 5.275
6.475 5.225
6.525 5.175
6.575 5.175
6.625 5.175
6.675 5.175
6.725 5.175
6.775 5.175
6.825 5.175
6.875 5.175
6.925 5.175
6.975 5.175
7.025 5.175
7.075 5.175
7.125 5.125
7.175 5.125
7.225 5.075
7.275 5.025
7.325 4.975
7.375 4.925
7.425 4.875
7.475 4.825
7.525 4.775
7.575 4.775
7.625 4.775
7.675 4.775
7.725 4.775
7.775 4.775
7.825 4.775
7.875 4.775
7.925 4.775
7.975 4.775
8.025 4.775
8.075 4.775
8.125 4.775
8.175 4.775
8.225 4.775
8.275 4.775
8.325 4.775
8.375 4.775
8.425 4.775
8.475 4.775
8.525 4.775
8.575 4.775
8.625 4.775
8.675 4.775
8.725 4.775
8.775 4.775
8.825 4.775
8.875 4.775
8.925 4.775
8.975 4.775
9.025 4.775
9.075 4.775
9.125 4.775
9.175 4.775
9.225 4.775
9.275 4.775
9.325 4.775
9.375 4.775
9.425 4.775
9.475 4.775
9.525 4.775
9.575 4.775
9.625 4.775
9.675 4.775
9.725 4.775
9.775 4.775
9.825 4.775
9.875 4.775
9.925 4.775
9.975 4.775
10.025 4.775
10.075 4.775
10.125 4.775
10.175 4.775
10.225 4.775
10.275 4.775
10.325 4.775
10.375 4.775
10.425 4.775
10.475 4.775
10.525 4.775
10.575 4.775
10.625 4.775
10.675 4.775
10.725 4.775
10.775 4.775
10.825 4.775
10.875 4.775
10.925 4.775
