7.325 3.925
7.275 3.975
7.225 4.025
7.175 4.075
7.125 4.125
7.075 4.175
7.025 4.225
6.975 4.275
6.925 4.325
6.875 4.375
6.825 4.425
6.775 4.475
6.725 4.525
6.675 4.575
6.625 4.625
6.575 4.675
6.525 4.725
6.475 4.775
6.425 4.825
6.375 4.875
6.325 4.925
6.275 4.975
6.225 5.025
6.175 5.025
6.125 5.025
6.075 5.075
6.025 5.075
5.975 5.125
5.925 5.175
5.875 5.225
5.825 5.275
5.775 5.325
5.725 5.375
5.675 5.425
5.625 5.475
5.575 5.525
5.525 5.575
5.475 5.625
5.425 5.675
5.375 5.725
5.325 5.775
5.275 5.825
5.225 5.875
5.175 5.925
5.125 5.975
5.075 6.025
5.025 6.075
4.975 6.125
4.925 6.175
4.875 6.225
4.825 6.275
4.775 6.325
4.725 6.375
4.675 6.425
4.625 6.475
4.575 6.525
4.525 6.575
4.475 6.625
4.475 6.675
4.475 6.725
4.475 6.775
4.475 6.825
4.475 6.875
4.475 6.925
4.475 6.975
4.475 7.025
4.475 7.075
4.475 7.125
4.475 7.175
4.475 7.225
4.475 7.275
4.475 7.325
4.475 7.375
4.475 7.425
4.475 7.475
4.475 7.525
4.475 7.575
4.475 7.625
4.475 7.675
4.475 7.725
4.475 7.775
4.475 7.825
4.475 7.875
4.475 7.925
4.475 7.975
4.475 8.025
4.475 8.075
