8.325 4.025
8.275 4.025
8.225 4.075
8.175 4.125
8.125 4.175
8.075 4.175
8.025 4.225
7.975 4.225
7.925 4.225
7.875 4.225
7.825 4.225
7.775 4.225
7.725 4.175
7.675 4.175
7.625 4.125
7.575 4.075
7.525 4.075
7.475 4.075
7.425 4.075
7.375 4.075
7.325 4.075
7.275 4.075
7.225 4.075
7.175 4.075
7.125 4.075
7.075 4.075
7.025 4.075
6.975 4.075
6.925 4.075
6.875 4.075
6.825 4.075
6.775 4.075
6.725 4.075
6.675 4.075
6.625 4.075
6.575 4.075
6.525 4.075
6.475 4.075
6.425 4.075
6.375 4.075
6.325 4.075
6.275 4.075
6.225 4.025
6.175 4.025
6.125 3.975
6.075 3.925
6.025 3.875
5.975 3.825
5.925 3.775
5.875 3.725
5.825 3.675
5.775 3.625
5.725 3.575
5.675 3.525
5.625 3.475
5.575 3.425
5.525 3.375
5.475 3.325
5.425 3.275
5.375 3.225
5.325 3.175
5.275 3.125
5.225 3.075
5.175 3.025
5.125 2.975
5.075 2.925
5.025 2.875
4.975 2.825
4.925 2.775
4.875 2.725
4.825 2.675
4.775 2.625
4.725 2.575
4.675 2.525
4.625 2.475
4.575 2.425
4.525 2.375
4.475 2.325
4.425 2.275
4.375 2.225
4.325 2.175
4.275 2.125
4.225 2.075
4.175 2.025
4.125 1.975
4.075 1.925
4.025 1.875
3.975 1.825
3.925 1.775
3.925 1.725
3.925 1.675
3.925 1.625
