7.875 8.625
7.875 8.575
7.875 8.525
7.875 8.475
7.875 8.425
7.875 8.375
7.875 8.325
7.875 8.275
7.875 8.225
7.875 8.175
7.925 8.125
7.925 8.075
7.925 8.025
7.925 7.975
7.925 7.925
7.925 7.875
7.925 7.825
7.925 7.775
7.925 7.725
7.925 7.675
7.925 7.625
7.925 7.575
7.925 7.525
7.925 7.475
7.925 7.425
7.925 7.375
7.925 7.325
7.925 7.275
7.925 7.225
7.925 7.175
7.875 7.125
7.875 7.075
7.825 7.025
7.775 6.975
7.725 6.925
7.675 6.875
7.675 6.825
7.675 6.775
7.675 6.725
7.675 6.675
7.675 6.625
7.675 6.575
7.675 6.525
7.675 6.475
7.675 6.425
7.675 6.375
7.675 6.325
7.675 6.275
7.675 6.225
7.675 6.175
7.675 6.125
7.675 6.075
7.675 6.025
7.675 5.975
7.675 5.925
7.675 5.875
7.675 5.825
7.675 5.775
7.675 5.725
7.675 5.675
7.675 5.625
7.675 5.575
7.675 5.525
7.675 5.475
7.675 5.425
7.675 5.375
7.675 5.325
7.675 5.275
7.675 5.225
7.675 5.175
7.675 5.125
7.675 5.075
7.675 5.025
7.675 4.975
7.675 4.925
7.675 4.875
7.675 4.825
7.675 4.775
7.675 4.725
7.675 4.675
7.675 4.625
7.675 4.575
7.675 4.525
7.675 4.475
7.675 4.425
7.675 4.375
7.675 4.325
7.675 4.275
7.675 4.225
7.675 4.175
7.675 4.125
7.675 4.075
7.675 4.025
7.675 3.975
7.675 3.925
7.675 3.875
7.675 3.825
7.675 3.775
7.675 3.725
7.675 3.675
7.675 3.625
7.675 3.575
7.675 3.525
7.675 3.475
7.675 3.425
7.675 3.375
