1.675 7.275
1.725 7.275
1.775 7.275
1.825 7.275
1.875 7.275
1.925 7.275
1.975 7.275
2.025 7.275
2.075 7.275
2.125 7.275
2.175 7.275
2.225 7.275
2.275 7.275
2.325 7.275
2.375 7.275
2.425 7.275
2.475 7.275
2.525 7.275
2.575 7.275
2.625 7.275
2.675 7.275
2.725 7.275
2.775 7.275
2.825 7.275
2.875 7.275
2.925 7.275
2.975 7.275
3.025 7.275
3.075 7.275
3.125 7.275
3.175 7.275
3.225 7.275
3.275 7.275
3.325 7.275
3.375 7.275
3.425 7.275
3.475 7.275
3.525 7.275
3.575 7.275
3.625 7.275
3.675 7.275
3.725 7.275
3.775 7.275
3.825 7.275
3.875 7.275
3.925 7.275
3.975 7.275
4.025 7.275
4.075 7.275
4.125 7.275
4.175 7.275
4.225 7.275
4.275 7.275
4.325 7.275
4.375 7.275
4.425 7.275
4.475 7.275
4.525 7.275
4.575 7.275
4.625 7.275
4.675 7.275
4.725 7.275
4.775 7.275
4.825 7.275
4.875 7.275
4.925 7.275
4.975 7.275
5.025 7.275
5.075 7.275
5.125 7.275
5.175 7.275
5.225 7.275
5.275 7.275
5.325 7.275
5.375 7.275
5.425 7.275
5.475 7.275
5.525 7.225
5.575 7.175
5.625 7.125
5.675 7.075
5.725 7.075
5.775 7.025
5.825 7.025
5.875 7.025
5.925 7.025
5.975 7.025
6.025 7.025
6.075 7.025
6.125 7.025
6.175 7.025
6.225 7.025
6.275 7.025
6.325 7.025
6.375 7.025
6.425 7.075
6.475 7.075
6.525 7.125
6.575 7.175
6.625 7.225
6.675 7.275
6.725 7.325
6.775 7.375
6.825 7.425
6.875 7.425
6.925 7.425
