9.375 4.825
9.325 4.875
9.275 4.925
9.225 4.975
9.175 5.025
9.125 5.075
9.075 5.125
9.025 5.175
8.975 5.225
8.925 5.275
8.875 5.325
8.825 5.375
8.775 5.425
8.725 5.475
8.675 5.525
8.625 5.575
8.575 5.625
8.525 5.675
8.475 5.725
8.425 5.775
8.375 5.825
8.325 5.875
8.275 5.925
8.225 5.975
8.175 6.025
8.125 6.075
8.075 6.125
8.025 6.175
7.975 6.225
7.925 6.275
7.875 6.325
7.825 6.375
7.775 6.425
7.725 6.475
7.675 6.525
7.625 6.575
7.575 6.625
7.525 6.675
7.475 6.725
7.425 6.775
7.375 6.825
7.325 6.875
7.275 6.925
7.225 6.975
7.175 7.025
7.125 7.075
7.075 7.125
7.025 7.175
6.975 7.225
6.925 7.275
6.875 7.325
6.825 7.375
6.775 7.425
6.725 7.475
6.675 7.525
6.625 7.575
6.575 7.625
6.525 7.675
6.475 7.725
6.425 7.725
6.375 7.725
6.325 7.725
6.275 7.725
6.225 7.725
6.175 7.725
6.125 7.725
6.075 7.725
6.025 7.725
5.975 7.725
5.925 7.725
5.875 7.725
5.825 7.725
5.775 7.725
5.725 7.725
5.675 7.725
5.625 7.725
5.575 7.725
5.525 7.725
5.475 7.725
5.425 7.725
5.375 7.725
5.325 7.725
5.275 7.725
5.225 7.725
5.175 7.725
5.125 7.725
5.075 7.725
5.025 7.725
4.975 7.725
4.925 7.725
4.875 7.725
4.825 7.725
4.775 7.725
