2.775 3.175
2.825 3.225
2.875 3.275
2.925 3.325
2.975 3.375
3.025 3.425
3.075 3.475
3.125 3.525
3.175 3.525
3.225 3.525
3.275 3.525
3.325 3.525
3.375 3.525
3.425 3.525
3.475 3.525
3.525 3.525
3.575 3.525
3.625 3.525
3.675 3.525
3.725 3.525
3.775 3.525
3.825 3.525
3.875 3.525
3.925 3.525
3.975 3.525
4.025 3.525
4.075 3.525
4.125 3.525
4.175 3.525
4.225 3.525
4.275 3.525
4.325 3.525
4.375 3.525
4.425 3.525
4.475 3.525
4.525 3.525
4.575 3.525
4.625 3.525
4.675 3.525
4.725 3.525
4.775 3.525
4.825 3.525
4.875 3.525
4.925 3.525
4.975 3.525
5.025 3.525
5.075 3.525
5.125 3.525
5.175 3.525
5.225 3.525
5.275 3.525
5.325 3.525
5.375 3.525
5.425 3.525
5.475 3.525
5.525 3.525
5.575 3.525
5.625 3.525
5.675 3.525
5.725 3.525
5.775 3.525
5.825 3.525
5.875 3.525
5.925 3.525
5.975 3.525
6.025 3.525
6.075 3.525
6.125 3.525
6.175 3.525
6.225 3.525
6.275 3.525
6.325 3.525
6.375 3.525
6.425 3.525
6.475 3.525
6.525 3.525
6.575 3.525
6.625 3.525
6.675 3.525
6.725 3.525
6.775 3.525
6.825 3.525
6.875 3.525
6.925 3.525
6.975 3.525
7.025 3.525
7.075 3.525
7.125 3.525
7.175 3.525
7.225 3.525
7.275 3.525
7.325 3.525
7.375 3.525
7.425 3.525
7.475 3.525
7.525 3.525
7.575 3.525
7.625 3.525
7.675 3.525
7.725 3.525
7.775 3.525
7.825 3.525
7.875 3.525
7.925 3.525
7.975 3.525
8.025 3.525
8.075 3.525
8.125 3.525
8.175 3.525
8.225 3.525
8.275 3.525
8.325 3.525
8.375 3.525
8.425 3.525
8.475 3.525
8.525 3.525
8.575 3.525
8.625 3.525
8.675 3.525
8.725 3.525
8.775 3.525
8.825 3.525
8.875 3.525
8.925 3.525
8.975 3.525
9.025 3.525
9.075 3.525
9.125 3.525
9.175 3.525
9.225 3.525
9.275 3.525
9.325 3.525
9.375 3.525
9.425 3.525
9.475 3.525
9.525 3.525
9.575 3.525
9.625 3.525
9.675 3.525
9.725 3.525
9.775 3.525
9.825 3.525
9.875 3.525
9.925 3.525
9.975 3.525
10.025 3.525
10.075 3.525
10.125 3.525
10.175 3.525
10.225 3.525
10.275 3.525
10.325 3.525
10.375 3.525
10.425 3.525
10.475 3.525
10.525 3.525
10.575 3.525
10.625 3.525
10.675 3.525
10.725 3.525
10.775 3.525
