6.375 4.175
6.325 4.125
6.275 4.075
6.225 4.025
6.175 3.975
6.125 3.925
6.075 3.875
6.025 3.825
5.975 3.775
5.925 3.725
5.875 3.675
5.825 3.625
5.775 3.575
5.725 3.525
5.675 3.475
5.625 3.425
5.575 3.375
5.525 3.325
5.475 3.275
5.425 3.225
5.375 3.175
5.325 3.125
5.275 3.075
5.225 3.025
5.175 2.975
5.125 2.975
5.075 2.975
5.025 2.975
4.975 2.975
4.925 2.975
4.875 2.975
4.825 2.975
4.775 2.975
4.725 2.975
4.675 2.975
4.625 2.975
4.575 2.975
4.525 2.925
4.475 2.925
4.425 2.875
4.375 2.825
4.325 2.775
4.275 2.725
4.225 2.675
4.175 2.625
4.125 2.575
4.075 2.525
4.025 2.475
3.975 2.425
3.925 2.375
3.875 2.325
3.825 2.275
3.775 2.225
3.725 2.175
3.675 2.125
3.625 2.075
3.575 2.025
3.525 1.975
3.475 1.925
3.425 1.875
3.375 1.825
3.325 1.775
3.275 1.725
3.225 1.675
3.175 1.625
3.125 1.575
3.075 1.525
3.025 1.475
2.975 1.425
2.925 1.375
2.875 1.325
2.825 1.275
2.775 1.225
2.725 1.175
2.675 1.125
2.625 1.075
2.575 1.025
2.525 0.975
2.475 0.925
2.425 0.875
2.375 0.825
2.325 0.775
2.275 0.725
2.225 0.675
2.175 0.625
2.125 0.575
2.075 0.525
2.025 0.475
1.975 0.425
1.925 0.375
1.875 0.325
1.825 0.325
1.775 0.325
1.725 0.325
1.675 0.325
1.625 0.325
1.575 0.325
1.525 0.325
1.475 0.325
1.425 0.325
1.375 0.325
1.325 0.325
1.275 0.325
1.225 0.325
1.175 0.325
1.125 0.325
1.075 0.325
1.025 0.325
0.975 0.325
0.925 0.325
0.875 0.325
0.825 0.325
0.775 0.325
0.725 0.325
