6.075 3.725
6.025 3.675
5.975 3.625
5.925 3.575
5.875 3.525
5.825 3.475
5.775 3.425
5.725 3.375
5.675 3.325
5.625 3.275
5.575 3.225
5.525 3.175
5.475 3.125
5.425 3.075
5.375 3.025
5.325 2.975
5.275 2.925
5.225 2.875
5.175 2.825
5.125 2.775
5.075 2.725
5.025 2.675
4.975 2.625
4.925 2.625
4.875 2.625
4.825 2.625
4.775 2.625
4.725 2.625
4.675 2.625
4.625 2.625
4.575 2.625
4.525 2.625
4.475 2.625
4.425 2.625
4.375 2.625
4.325 2.625
4.275 2.625
4.225 2.625
4.175 2.625
4.125 2.625
4.075 2.625
4.025 2.625
3.975 2.625
3.925 2.625
3.875 2.625
3.825 2.625
3.775 2.625
3.725 2.625
3.675 2.625
3.625 2.575
3.575 2.575
3.525 2.525
3.475 2.475
3.425 2.425
3.375 2.375
3.325 2.325
3.275 2.275
3.225 2.225
3.175 2.175
3.125 2.125
3.075 2.075
3.025 2.025
2.975 1.975
2.925 1.925
2.875 1.875
2.825 1.825
2.775 1.775
2.725 1.725
2.675 1.675
2.625 1.625
2.575 1.575
2.525 1.525
2.475 1.475
2.425 1.425
2.375 1.375
2.325 1.325
2.275 1.275
2.225 1.225
2.175 1.175
2.125 1.125
2.075 1.075
2.025 1.025
1.975 0.975
1.925 0.925
1.875 0.875
1.825 0.825
1.775 0.775
1.725 0.725
1.675 0.675
1.675 0.625
1.675 0.575
