2.575 8.575
2.625 8.525
2.675 8.475
2.725 8.425
2.775 8.375
2.825 8.325
2.875 8.275
2.925 8.225
2.975 8.175
3.025 8.125
3.075 8.075
3.125 8.025
3.175 7.975
3.225 7.925
3.275 7.875
3.325 7.825
3.375 7.775
3.425 7.725
3.475 7.675
3.525 7.625
3.575 7.575
3.625 7.525
3.675 7.475
3.725 7.425
3.775 7.375
3.825 7.325
3.875 7.275
3.925 7.225
3.975 7.175
4.025 7.125
4.075 7.075
4.125 7.025
4.175 6.975
4.225 6.925
4.275 6.875
4.325 6.825
4.375 6.775
4.425 6.725
4.475 6.675
4.525 6.625
4.575 6.575
4.625 6.525
4.675 6.475
4.725 6.475
4.775 6.475
4.825 6.475
4.875 6.475
4.925 6.475
4.975 6.475
5.025 6.475
5.075 6.475
5.125 6.475
5.175 6.475
5.225 6.475
5.275 6.425
5.325 6.425
5.375 6.375
5.425 6.325
5.475 6.275
5.525 6.225
5.575 6.175
5.625 6.125
5.675 6.075
5.725 6.025
5.775 5.975
5.825 5.925
5.875 5.875
5.925 5.825
5.975 5.775
6.025 5.725
6.075 5.675
6.125 5.625
6.175 5.575
6.225 5.525
6.275 5.475
6.325 5.425
6.375 5.375
6.425 5.325
6.475 5.275
6.525 5.225
6.525 5.175
6.525 5.125
6.525 5.075
6.525 5.025
6.525 4.975
6.525 4.925
6.525 4.875
6.525 4.825
6.525 4.775
6.525 4.725
6.525 4.675
6.525 4.625
6.525 4.575
