5.725 3.575
5.775 3.625
5.825 3.675
5.875 3.725
5.925 3.775
5.975 3.825
6.025 3.875
6.075 3.925
6.125 3.975
6.175 4.025
6.225 4.075
6.275 4.125
6.325 4.175
6.375 4.225
6.425 4.275
6.475 4.325
6.525 4.375
6.575 4.425
6.625 4.475
6.675 4.525
6.725 4.575
6.775 4.625
6.825 4.675
6.875 4.725
6.925 4.775
6.975 4.825
7.025 4.875
7.075 4.925
7.125 4.975
7.175 5.025
7.225 5.075
7.275 5.125
7.325 5.175
7.375 5.225
7.425 5.275
7.475 5.325
7.525 5.375
7.575 5.425
7.625 5.475
7.675 5.525
7.725 5.575
7.775 5.625
7.825 5.675
7.875 5.725
7.925 5.775
7.975 5.825
7.975 5.875
7.975 5.925
7.975 5.975
7.975 6.025
7.975 6.075
7.975 6.125
7.975 6.175
7.975 6.225
7.975 6.275
7.975 6.325
7.975 6.375
7.975 6.425
7.975 6.475
7.975 6.525
7.975 6.575
7.975 6.625
7.975 6.675
7.975 6.725
7.975 6.775
7.975 6.825
7.975 6.875
7.975 6.925
7.975 6.975
7.975 7.025
7.975 7.075
7.975 7.125
7.975 7.175
7.975 7.225
7.975 7.275
7.975 7.325
7.975 7.375
7.975 7.425
7.975 7.475
7.975 7.525
7.975 7.575
7.975 7.625
7.975 7.675
7.975 7.725
7.975 7.775
7.975 7.825
7.975 7.875
7.975 7.925
7.975 7.975
7.975 8.025
7.975 8.075
7.975 8.125
7.975 8.175
7.975 8.225
7.975 8.275
7.975 8.325
7.975 8.375
7.975 8.425
7.975 8.475
7.975 8.525
7.975 8.575
