8.825 8.375
8.775 8.325
8.725 8.275
8.675 8.225
8.625 8.175
8.575 8.125
8.525 8.075
8.475 8.025
8.425 7.975
8.375 7.925
8.325 7.875
8.275 7.825
8.225 7.775
8.175 7.725
8.125 7.675
8.075 7.625
8.025 7.575
7.975 7.525
7.925 7.475
7.875 7.425
7.825 7.375
7.775 7.325
7.725 7.275
7.675 7.225
7.625 7.175
7.575 7.125
7.525 7.075
7.475 7.075
7.425 7.075
7.375 7.075
7.325 7.075
7.275 7.075
7.225 7.075
7.175 7.075
7.125 7.075
7.075 7.075
7.025 7.075
6.975 7.075
6.925 7.075
6.875 7.075
6.825 7.075
6.775 7.075
6.725 7.075
6.675 7.075
6.625 7.075
6.575 7.075
6.525 7.075
6.475 7.075
6.425 7.075
6.375 7.025
6.325 7.025
6.275 6.975
6.225 6.925
6.175 6.875
6.125 6.825
6.075 6.775
6.025 6.725
5.975 6.675
5.925 6.625
5.875 6.575
5.825 6.525
5.775 6.475
5.725 6.425
5.675 6.375
5.625 6.325
5.575 6.275
5.525 6.225
5.475 6.175
5.425 6.125
5.375 6.075
5.325 6.025
5.275 5.975
5.225 5.925
5.175 5.875
5.125 5.825
5.075 5.775
5.025 5.775
4.975 5.775
4.925 5.775
4.875 5.775
4.825 5.775
4.775 5.775
4.725 5.775
4.675 5.775
4.625 5.775
4.575 5.775
4.525 5.775
4.475 5.775
4.425 5.775
4.375 5.775
4.325 5.775
4.275 5.775
4.225 5.775
4.175 5.775
4.125 5.775
4.075 5.775
4.025 5.775
3.975 5.775
3.925 5.775
3.875 5.775
3.825 5.775
3.775 5.775
3.725 5.775
3.675 5.775
3.625 5.775
3.575 5.775
