9.375 3.875
9.325 3.925
9.275 3.975
9.225 4.025
9.175 4.075
9.125 4.125
9.075 4.175
9.025 4.225
8.975 4.275
8.925 4.325
8.875 4.375
8.825 4.425
8.775 4.475
8.725 4.525
8.675 4.575
8.625 4.625
8.575 4.675
8.525 4.725
8.475 4.775
8.425 4.825
8.375 4.875
8.325 4.925
8.275 4.975
8.225 5.025
8.175 5.075
8.125 5.125
8.075 5.175
8.025 5.225
7.975 5.275
7.925 5.325
7.875 5.375
7.825 5.425
7.775 5.475
7.725 5.525
7.675 5.575
7.625 5.625
7.575 5.675
7.525 5.725
7.475 5.775
7.425 5.825
7.375 5.875
7.325 5.925
7.275 5.975
7.225 6.025
7.175 6.075
7.125 6.125
7.075 6.175
7.025 6.225
6.975 6.275
6.925 6.325
6.875 6.375
6.825 6.425
6.775 6.475
6.725 6.525
6.675 6.575
6.625 6.625
6.575 6.675
6.525 6.725
6.475 6.775
6.425 6.825
6.375 6.875
6.325 6.925
6.275 6.975
6.225 7.025
6.175 7.075
6.125 7.125
6.075 7.175
6.025 7.225
5.975 7.275
5.925 7.325
5.875 7.375
5.825 7.425
5.775 7.425
5.725 7.425
5.675 7.425
5.625 7.425
5.575 7.425
5.525 7.425
5.475 7.425
5.425 7.425
5.375 7.425
5.325 7.425
