5.975 2.175
5.925 2.225
5.875 2.275
5.825 2.325
5.775 2.375
5.725 2.425
5.675 2.475
5.625 2.525
5.575 2.575
5.525 2.625
5.475 2.675
5.425 2.725
5.375 2.775
5.325 2.825
5.275 2.875
5.225 2.925
5.175 2.975
5.125 3.025
5.075 3.075
5.025 3.125
4.975 3.175
4.925 3.225
4.875 3.275
4.825 3.325
4.775 3.375
4.725 3.425
4.675 3.475
4.625 3.525
4.575 3.575
4.525 3.625
4.475 3.675
4.425 3.725
4.375 3.775
4.325 3.825
4.275 3.875
4.225 3.925
4.175 3.975
4.125 4.025
4.075 4.075
4.025 4.125
3.975 4.175
3.925 4.225
3.875 4.275
3.825 4.325
3.775 4.375
3.725 4.425
3.675 4.475
3.625 4.525
3.575 4.575
3.525 4.625
3.475 4.675
3.425 4.725
3.375 4.775
3.325 4.825
3.325 4.875
3.325 4.925
3.325 4.975
3.325 5.025
3.325 5.075
3.325 5.125
3.325 5.175
3.325 5.225
3.325 5.275
3.325 5.325
3.325 5.375
3.325 5.425
3.275 5.475
3.275 5.525
3.225 5.575
3.175 5.625
3.125 5.675
3.075 5.725
3.025 5.775
2.975 5.825
2.925 5.875
2.875 5.925
2.825 5.975
2.775 6.025
2.725 6.075
2.675 6.125
2.625 6.175
2.575 6.225
2.525 6.275
2.475 6.325
2.425 6.375
2.375 6.425
2.325 6.475
2.275 6.525
2.225 6.575
2.175 6.625
2.125 6.675
2.075 6.725
2.025 6.775
1.975 6.825
1.925 6.875
1.875 6.925
1.875 6.975
1.875 7.025
1.875 7.075
1.875 7.125
1.875 7.175
1.875 7.225
1.875 7.275
1.875 7.325
1.875 7.375
1.875 7.425
1.875 7.475
1.875 7.525
1.875 7.575
1.875 7.625
1.875 7.675
1.875 7.725
1.875 7.775
1.875 7.825
1.875 7.875
1.875 7.925
1.875 7.975
1.875 8.025
1.875 8.075
1.875 8.125
1.875 8.175
1.875 8.225
1.875 8.275
1.875 8.325
