7.325 7.325
7.325 7.275
7.325 7.225
7.325 7.175
7.325 7.125
7.325 7.075
7.325 7.025
7.325 6.975
7.325 6.925
7.325 6.875
7.375 6.825
7.425 6.775
7.475 6.725
7.475 6.675
7.525 6.625
7.525 6.575
7.525 6.525
7.525 6.475
7.525 6.425
7.475 6.375
7.475 6.325
7.425 6.275
7.375 6.225
7.325 6.175
7.275 6.125
7.225 6.075
7.175 6.025
7.125 5.975
7.075 5.925
7.025 5.875
6.975 5.825
6.925 5.775
6.875 5.725
6.825 5.675
6.775 5.625
6.725 5.575
6.675 5.525
6.625 5.475
6.575 5.425
6.525 5.375
6.475 5.325
6.425 5.275
6.375 5.225
6.325 5.175
6.275 5.125
6.225 5.075
6.175 5.025
6.125 4.975
6.075 4.925
6.025 4.875
5.975 4.825
5.925 4.775
5.925 4.725
5.925 4.675
5.925 4.625
5.925 4.575
5.925 4.525
5.925 4.475
5.925 4.425
5.925 4.375
5.925 4.325
5.925 4.275
5.925 4.225
5.925 4.175
5.925 4.125
5.925 4.075
5.925 4.025
5.925 3.975
5.925 3.925
5.925 3.875
5.925 3.825
5.925 3.775
5.925 3.725
5.925 3.675
5.925 3.625
5.925 3.575
5.925 3.525
5.925 3.475
5.925 3.425
5.925 3.375
5.925 3.325
5.925 3.275
5.875 3.225
5.875 3.175
5.825 3.125
5.825 3.075
5.825 3.025
5.825 2.975
5.825 2.925
5.825 2.875
5.825 2.825
5.825 2.775
5.825 2.725
5.825 2.675
5.825 2.625
5.825 2.575
5.825 2.525
5.825 2.475
5.825 2.425
5.825 2.375
5.825 2.325
5.825 2.275
5.825 2.225
5.825 2.175
5.825 2.125
5.825 2.075
5.825 2.025
5.825 1.975
5.825 1.925
5.825 1.875
5.825 1.825
5.825 1.775
5.825 1.725
5.825 1.675
5.825 1.625
5.825 1.575
5.825 1.525
5.825 1.475
5.825 1.425
5.825 1.375
5.825 1.325
5.825 1.275
5.825 1.225
5.825 1.175
5.825 1.125
5.825 1.075
5.825 1.025
5.825 0.975
5.825 0.925
5.825 0.875
5.825 0.825
5.825 0.775
5.825 0.725
