4.525 8.675
4.475 8.625
4.425 8.575
4.375 8.525
4.325 8.475
4.275 8.425
4.225 8.375
4.175 8.325
4.125 8.275
4.075 8.225
4.025 8.175
3.975 8.125
3.925 8.075
3.875 8.025
3.825 7.975
3.775 7.925
3.725 7.875
3.675 7.825
3.625 7.775
3.575 7.725
3.525 7.675
3.475 7.625
3.425 7.575
3.375 7.525
3.325 7.475
3.275 7.425
3.225 7.375
3.175 7.325
3.125 7.275
3.075 7.225
3.025 7.175
2.975 7.125
2.925 7.075
2.875 7.025
2.825 6.975
2.775 6.925
2.725 6.875
2.675 6.825
2.625 6.775
2.575 6.725
2.525 6.675
2.475 6.625
2.425 6.575
2.375 6.525
2.325 6.475
2.275 6.425
2.225 6.375
2.175 6.325
2.125 6.275
2.075 6.225
2.025 6.175
1.975 6.125
1.925 6.075
1.875 6.025
1.825 5.975
1.775 5.925
1.725 5.875
1.675 5.825
1.625 5.775
1.625 5.725
1.625 5.675
1.625 5.625
1.625 5.575
1.625 5.525
1.575 5.475
1.575 5.425
1.525 5.375
1.475 5.325
1.425 5.325
1.375 5.275
1.325 5.275
1.275 5.275
1.225 5.275
1.175 5.275
1.125 5.275
1.075 5.325
1.025 5.325
0.975 5.325
0.925 5.325
0.875 5.325
0.825 5.325
0.775 5.325
