6.475 4.775
6.425 4.825
6.375 4.875
6.325 4.925
6.275 4.975
6.225 5.025
6.175 5.075
6.125 5.125
6.075 5.175
6.025 5.225
5.975 5.275
5.925 5.325
5.875 5.375
5.825 5.425
5.775 5.475
5.725 5.525
5.675 5.575
5.625 5.625
5.575 5.675
5.525 5.725
5.475 5.775
5.425 5.825
5.375 5.875
5.325 5.925
5.275 5.975
5.225 6.025
5.175 6.075
5.125 6.125
5.075 6.125
5.025 6.125
4.975 6.125
4.925 6.125
4.875 6.125
4.825 6.125
4.775 6.125
4.725 6.125
4.675 6.125
4.625 6.125
4.575 6.125
4.525 6.125
4.475 6.125
4.425 6.125
4.375 6.125
4.325 6.125
4.275 6.125
4.225 6.125
4.175 6.125
4.125 6.125
4.075 6.125
4.025 6.125
3.975 6.125
3.925 6.125
3.875 6.125
3.825 6.125
3.775 6.125
3.725 6.125
3.675 6.125
3.625 6.125
3.575 6.125
3.525 6.125
3.475 6.125
3.425 6.125
3.375 6.125
3.325 6.125
3.275 6.125
3.225 6.125
3.175 6.125
3.125 6.125
3.075 6.125
3.025 6.125
2.975 6.125
2.925 6.125
2.875 6.125
2.825 6.125
2.775 6.125
2.725 6.125
2.675 6.125
2.625 6.125
2.575 6.125
2.525 6.125
2.475 6.125
2.425 6.125
2.375 6.125
2.325 6.125
2.275 6.125
2.225 6.125
2.175 6.125
2.125 6.125
2.075 6.125
2.025 6.125
1.975 6.125
1.925 6.125
1.875 6.125
1.825 6.125
1.775 6.125
1.725 6.125
1.675 6.125
1.625 6.125
1.575 6.125
1.525 6.125
1.475 6.125
1.425 6.125
1.375 6.125
1.325 6.125
1.275 6.125
1.225 6.125
1.175 6.125
1.125 6.125
1.075 6.125
1.025 6.125
0.975 6.125
