3.675 2.225
3.625 2.275
3.575 2.325
3.525 2.375
3.475 2.425
3.425 2.475
3.375 2.525
3.325 2.575
3.275 2.625
3.225 2.675
3.175 2.725
3.125 2.775
3.075 2.825
3.025 2.875
2.975 2.925
2.925 2.975
2.875 3.025
2.825 3.075
2.775 3.125
2.725 3.175
2.675 3.225
2.625 3.275
2.575 3.325
2.525 3.375
2.475 3.425
2.425 3.425
2.375 3.425
2.325 3.425
2.275 3.425
2.225 3.425
2.175 3.425
2.125 3.425
2.075 3.425
2.025 3.475
1.975 3.475
1.925 3.525
1.875 3.575
1.825 3.625
1.775 3.675
1.725 3.725
1.675 3.775
1.625 3.825
1.575 3.875
1.525 3.925
1.475 3.975
1.425 4.025
1.375 4.075
1.325 4.125
1.275 4.175
1.225 4.225
1.175 4.275
1.125 4.325
1.075 4.375
1.025 4.425
0.975 4.475
0.925 4.525
0.875 4.575
0.825 4.625
0.775 4.675
0.725 4.725
0.675 4.775
0.625 4.825
0.575 4.875
0.525 4.925
0.475 4.975
0.475 5.025
0.475 5.075
0.475 5.125
0.475 5.175
0.475 5.225
0.475 5.275
0.475 5.325
0.475 5.375
0.475 5.425
0.475 5.475
0.475 5.525
0.475 5.575
0.475 5.625
0.475 5.675
0.475 5.725
0.475 5.775
0.475 5.825
0.475 5.875
0.475 5.925
0.475 5.975
0.475 6.025
0.475 6.075
0.475 6.125
0.475 6.175
0.475 6.225
0.475 6.275
