5.625 5.675
5.675 5.625
5.725 5.575
5.775 5.525
5.825 5.475
5.875 5.425
5.925 5.375
5.975 5.325
6.025 5.275
6.075 5.225
6.125 5.175
6.175 5.125
6.225 5.075
6.275 5.025
6.325 4.975
6.375 4.925
6.425 4.875
6.475 4.825
6.525 4.775
6.575 4.725
6.625 4.675
6.675 4.625
6.725 4.575
6.775 4.525
6.825 4.475
6.875 4.425
6.925 4.375
6.975 4.325
7.025 4.275
7.075 4.225
7.125 4.175
7.175 4.125
7.225 4.075
7.275 4.025
7.325 3.975
7.375 3.925
7.425 3.875
7.475 3.825
7.525 3.775
7.575 3.725
7.625 3.675
7.675 3.625
7.725 3.575
7.775 3.525
7.825 3.475
7.875 3.425
7.925 3.375
7.975 3.325
8.025 3.275
8.075 3.225
8.125 3.175
8.175 3.125
8.225 3.075
8.275 3.025
8.325 2.975
8.375 2.925
8.425 2.875
8.475 2.825
8.525 2.775
8.575 2.725
8.625 2.675
8.675 2.625
8.725 2.575
8.775 2.525
8.825 2.475
8.875 2.425
8.925 2.375
8.975 2.325
9.025 2.275
9.075 2.225
9.125 2.175
9.175 2.125
9.225 2.075
9.275 2.025
9.325 1.975
9.375 1.925
9.425 1.875
9.475 1.825
9.525 1.775
9.575 1.725
9.625 1.675
9.675 1.625
9.725 1.575
9.775 1.525
9.775 1.475
9.775 1.425
9.775 1.375
9.775 1.325
9.775 1.275
9.775 1.225
9.775 1.175
9.775 1.125
9.775 1.075
9.775 1.025
9.775 0.975
9.775 0.925
9.775 0.875
9.775 0.825
