7.925 8.425
7.975 8.375
8.025 8.325
8.075 8.275
8.125 8.225
8.175 8.175
8.225 8.125
8.275 8.075
8.325 8.025
8.375 7.975
8.425 7.925
8.475 7.875
8.525 7.825
8.575 7.775
8.625 7.725
8.675 7.675
8.725 7.625
8.775 7.575
8.825 7.525
8.875 7.475
8.925 7.425
8.975 7.375
9.025 7.325
9.075 7.275
9.125 7.225
9.175 7.175
9.225 7.125
9.275 7.075
9.325 7.025
9.375 6.975
9.425 6.925
9.475 6.875
9.525 6.825
9.575 6.775
9.625 6.725
9.675 6.675
9.725 6.625
9.775 6.575
9.825 6.525
9.875 6.475
9.925 6.425
9.975 6.375
10.025 6.325
10.075 6.275
10.125 6.225
10.175 6.175
10.225 6.125
10.275 6.075
10.325 6.025
10.375 5.975
10.425 5.925
10.475 5.875
10.525 5.825
10.575 5.775
10.625 5.725
10.675 5.675
10.725 5.625
10.775 5.575
10.825 5.525
10.875 5.475
10.925 5.425
10.975 5.375
11.025 5.325
11.075 5.275
11.125 5.225
11.175 5.175
11.225 5.125
11.275 5.075
11.325 5.025
11.375 4.975
11.425 4.925
11.475 4.875
11.475 4.825
11.475 4.775
11.475 4.725
11.475 4.675
