6.225 8.375
6.275 8.325
6.325 8.275
6.375 8.225
6.425 8.175
6.475 8.125
6.525 8.075
6.575 8.025
6.625 7.975
6.675 7.925
6.725 7.875
6.775 7.825
6.825 7.775
6.875 7.725
6.925 7.675
6.975 7.625
7.025 7.575
7.075 7.525
7.125 7.475
7.175 7.425
7.225 7.375
7.275 7.325
7.325 7.275
7.375 7.225
7.425 7.175
7.475 7.125
7.525 7.075
7.575 7.025
7.625 6.975
7.675 6.925
7.725 6.875
7.775 6.825
7.825 6.775
7.875 6.725
7.925 6.725
7.975 6.725
8.025 6.725
8.075 6.725
8.125 6.725
8.175 6.725
8.225 6.725
8.275 6.725
8.325 6.725
8.375 6.725
8.425 6.725
8.475 6.725
8.525 6.725
8.575 6.725
8.625 6.725
8.675 6.725
8.725 6.725
8.775 6.725
8.825 6.725
8.875 6.725
8.925 6.725
8.975 6.725
9.025 6.725
9.075 6.725
9.125 6.725
9.175 6.725
9.225 6.725
9.275 6.725
9.325 6.725
9.375 6.725
9.425 6.725
9.475 6.725
9.525 6.725
9.575 6.725
9.625 6.725
9.675 6.725
9.725 6.725
9.775 6.725
9.825 6.725
9.875 6.725
9.925 6.725
9.975 6.725
10.025 6.725
10.075 6.725
10.125 6.725
10.175 6.725
10.225 6.725
10.275 6.725
10.325 6.725
10.375 6.725
10.425 6.725
10.475 6.725
10.525 6.725
10.575 6.725
10.625 6.725
10.675 6.725
10.725 6.725
10.775 6.725
10.825 6.725
10.875 6.725
10.925 6.725
10.975 6.725
11.025 6.725
11.075 6.725
11.125 6.725
11.175 6.725
11.225 6.725
11.275 6.725
11.325 6.725
11.375 6.725
11.425 6.725
11.475 6.725
11.525 6.725
11.575 6.725
