3.525 2.475
3.575 2.525
3.625 2.575
3.675 2.625
3.725 2.675
3.775 2.725
3.775 2.775
3.775 2.825
3.775 2.875
3.775 2.925
3.775 2.975
3.775 3.025
3.775 3.075
3.775 3.125
3.775 3.175
3.775 3.225
3.775 3.275
3.775 3.325
3.775 3.375
3.775 3.425
3.775 3.475
3.775 3.525
3.775 3.575
3.775 3.625
3.775 3.675
3.775 3.725
3.775 3.775
3.775 3.825
3.775 3.875
3.775 3.925
3.775 3.975
3.775 4.025
3.775 4.075
3.775 4.125
3.775 4.175
3.775 4.225
3.775 4.275
3.825 4.325
3.825 4.375
3.875 4.425
3.925 4.475
3.975 4.525
4.025 4.575
4.075 4.625
4.125 4.675
4.175 4.725
4.225 4.775
4.275 4.825
4.325 4.875
4.375 4.925
4.425 4.975
4.475 5.025
4.475 5.075
4.475 5.125
4.475 5.175
4.475 5.225
4.475 5.275
4.475 5.325
4.475 5.375
4.475 5.425
4.475 5.475
4.475 5.525
4.475 5.575
4.475 5.625
4.475 5.675
4.475 5.725
4.475 5.775
4.475 5.825
4.475 5.875
4.475 5.925
4.475 5.975
4.475 6.025
4.475 6.075
4.475 6.125
4.475 6.175
4.475 6.225
4.475 6.275
4.475 6.325
4.475 6.375
4.475 6.425
4.475 6.475
4.475 6.525
4.475 6.575
4.475 6.625
4.475 6.675
4.475 6.725
4.475 6.775
4.475 6.825
4.475 6.875
4.475 6.925
4.475 6.975
4.475 7.025
4.475 7.075
4.475 7.125
4.475 7.175
4.475 7.225
4.475 7.275
4.475 7.325
4.475 7.375
4.475 7.425
4.475 7.475
4.475 7.525
4.475 7.575
4.475 7.625
4.475 7.675
4.475 7.725
4.475 7.775
4.475 7.825
4.475 7.875
4.475 7.925
4.475 7.975
