0.725 5.575
0.775 5.625
0.825 5.675
0.875 5.675
0.925 5.675
0.975 5.675
1.025 5.675
1.075 5.675
1.125 5.675
1.175 5.675
1.225 5.675
1.275 5.675
1.325 5.675
1.375 5.675
1.425 5.675
1.475 5.675
1.525 5.675
1.575 5.675
1.625 5.675
1.675 5.675
1.725 5.675
1.775 5.675
1.825 5.675
1.875 5.675
1.925 5.675
1.975 5.675
2.025 5.675
2.075 5.675
2.125 5.675
2.175 5.675
2.225 5.675
2.275 5.675
2.325 5.675
2.375 5.675
2.425 5.675
2.475 5.675
2.525 5.675
2.575 5.675
2.625 5.675
2.675 5.675
2.725 5.675
2.775 5.675
2.825 5.675
2.875 5.675
2.925 5.675
2.975 5.675
3.025 5.675
3.075 5.675
3.125 5.675
3.175 5.675
3.225 5.675
3.275 5.675
3.325 5.675
3.375 5.675
3.425 5.675
3.475 5.675
3.525 5.675
3.575 5.675
3.625 5.675
3.675 5.675
3.725 5.675
3.775 5.675
3.825 5.675
3.875 5.675
3.925 5.675
3.975 5.675
4.025 5.675
4.075 5.675
4.125 5.675
4.175 5.675
4.225 5.675
4.275 5.675
4.325 5.675
4.375 5.675
4.425 5.675
4.475 5.675
4.525 5.675
4.575 5.675
4.625 5.675
4.675 5.675
4.725 5.675
4.775 5.675
4.825 5.675
4.875 5.675
4.925 5.725
4.975 5.775
5.025 5.825
5.075 5.875
5.125 5.925
5.175 5.975
5.225 6.025
5.275 6.025
5.325 6.075
5.375 6.075
5.425 6.075
5.475 6.075
5.525 6.075
5.575 6.075
5.625 6.075
5.675 6.075
5.725 6.075
5.775 6.075
5.825 6.025
5.875 6.025
5.925 5.975
5.975 5.925
6.025 5.875
6.075 5.825
6.125 5.775
6.125 5.725
6.125 5.675
