9.975 6.575
9.925 6.525
9.875 6.475
9.825 6.425
9.775 6.375
9.725 6.325
9.675 6.325
9.625 6.325
9.575 6.325
9.525 6.325
9.475 6.325
9.425 6.325
9.375 6.325
9.325 6.325
9.275 6.325
9.225 6.325
9.175 6.325
9.125 6.325
9.075 6.325
9.025 6.325
8.975 6.325
8.925 6.325
8.875 6.325
8.825 6.325
8.775 6.325
8.725 6.325
8.675 6.325
8.625 6.325
8.575 6.325
8.525 6.325
8.475 6.325
8.425 6.325
8.375 6.325
8.325 6.325
8.275 6.325
8.225 6.325
8.175 6.325
8.125 6.325
8.075 6.325
8.025 6.325
7.975 6.325
7.925 6.325
7.875 6.325
7.825 6.325
7.775 6.325
7.725 6.325
7.675 6.325
7.625 6.325
7.575 6.325
7.525 6.325
7.475 6.325
7.425 6.325
7.375 6.325
7.325 6.325
7.275 6.325
7.225 6.325
7.175 6.325
7.125 6.325
7.075 6.325
7.025 6.325
6.975 6.325
6.925 6.325
6.875 6.325
6.825 6.325
6.775 6.325
6.725 6.325
6.675 6.325
6.625 6.325
6.575 6.325
6.525 6.325
6.475 6.325
6.425 6.325
6.375 6.275
6.325 6.275
6.275 6.225
6.225 6.175
6.175 6.125
6.125 6.075
6.075 6.025
6.025 5.975
5.975 5.925
5.925 5.875
5.875 5.825
5.825 5.775
5.775 5.725
5.725 5.675
5.675 5.675
5.625 5.675
5.575 5.675
5.525 5.675
5.475 5.675
5.425 5.675
5.375 5.675
5.325 5.675
5.275 5.675
5.225 5.675
5.175 5.675
5.125 5.675
5.075 5.675
5.025 5.675
4.975 5.675
4.925 5.675
4.875 5.675
4.825 5.675
4.775 5.675
