6.525 6.775
6.575 6.725
6.625 6.675
6.675 6.625
6.725 6.575
6.775 6.525
6.825 6.475
6.875 6.425
6.925 6.375
6.975 6.325
7.025 6.275
7.075 6.225
7.125 6.175
7.175 6.125
7.225 6.075
7.275 6.025
7.325 5.975
7.375 5.925
7.425 5.875
7.475 5.825
7.525 5.775
7.575 5.725
7.625 5.675
7.675 5.625
7.725 5.575
7.775 5.525
7.825 5.475
7.875 5.425
7.925 5.375
7.975 5.325
8.025 5.275
8.075 5.225
8.125 5.175
8.175 5.125
8.225 5.075
8.275 5.025
8.325 4.975
8.375 4.925
8.425 4.875
8.475 4.875
8.525 4.875
8.575 4.875
8.625 4.875
8.675 4.875
8.725 4.875
8.775 4.875
8.825 4.875
8.875 4.875
8.925 4.875
8.975 4.875
9.025 4.875
9.075 4.875
9.125 4.875
9.175 4.875
9.225 4.875
9.275 4.875
9.325 4.875
9.375 4.875
9.425 4.875
9.475 4.875
9.525 4.875
9.575 4.875
9.625 4.875
9.675 4.875
9.725 4.875
9.775 4.875
9.825 4.875
9.875 4.875
9.925 4.875
9.975 4.875
10.025 4.875
10.075 4.875
10.125 4.875
10.175 4.875
10.225 4.875
10.275 4.875
10.325 4.875
10.375 4.875
10.425 4.875
10.475 4.875
10.525 4.875
10.575 4.875
10.625 4.875
10.675 4.875
10.725 4.875
10.775 4.875
10.825 4.875
10.875 4.875
10.925 4.875
10.975 4.875
11.025 4.875
11.075 4.875
11.125 4.875
11.175 4.875
11.225 4.875
