scenario 0
parse_ok 1
start 5.025 5.025
goal 9.775 9.775
waypoints 20
5.025 5.025
5.525 5.025
5.525 5.525
5.525 6.025
6.025 6.025
6.025 6.525
6.025 7.025
6.525 7.025
6.525 7.525
7.025 7.525
7.025 8.025
7.525 8.025
7.525 8.525
8.025 8.525
8.025 9.025
8.525 9.025
8.525 9.525
9.025 9.525
9.525 9.775
9.775 9.775
scenario 1
parse_ok 1
start 5.025 5.025
goal 9.775 0.225
waypoints 20
5.025 5.025
5.525 5.025
5.525 5.525
5.525 6.025
6.025 6.025
6.025 6.525
6.025 7.025
6.525 7.025
6.525 7.525
7.025 7.525
7.025 8.025
7.525 8.025
7.525 8.525
8.025 8.525
8.025 9.025
8.525 9.025
8.525 9.525
9.025 9.525
9.025 10.025
9.775 10.025
scenario 2
parse_ok 1
start 5.025 5.025
goal 9.775 9.775
waypoints 19
5.025 5.025
5.525 5.025
5.525 5.525
5.525 6.025
6.025 6.025
6.025 6.525
6.525 6.525
6.525 7.025
7.025 7.025
7.025 7.525
7.525 7.525
7.525 8.025
8.025 8.025
8.025 8.525
8.525 8.525
8.525 9.025
9.025 9.025
9.025 9.525
9.775 9.775
scenario 3
parse_ok 1
start 5.025 5.025
goal 9.775 8.175
waypoints 17
5.025 5.025
5.525 5.025
5.525 5.525
5.525 6.025
5.525 6.525
6.025 6.525
6.525 6.525
7.025 6.525
7.025 7.025
7.525 7.025
8.025 7.025
8.025 7.525
8.025 8.025
8.525 8.025
9.025 8.025
9.525 8.025
9.775 8.175
scenario 4
parse_ok 1
start 5.025 5.025
goal 9.775 8.375
waypoints 18
5.025 5.025
5.775 5.025
5.775 5.775
6.275 5.775
6.275 6.325
6.825 6.325
6.825 6.825
7.375 6.825
7.375 7.375
7.925 7.375
7.925 7.925
8.475 7.925
8.475 8.475
9.025 8.475
9.025 8.925
9.575 8.925
9.575 9.475
9.775 9.475
scenario 5
parse_ok 1
start 5.025 5.025
goal 9.775 0.225
waypoints 16
5.025 5.025
5.525 5.025
5.525 5.525
5.525 6.025
6.025 6.025
6.025 6.525
6.525 6.525
7.025 6.525
7.025 7.025
7.525 7.025
8.025 7.025
8.025 7.525
8.525 7.525
9.025 7.525
9.525 7.525
9.775 0.225
scenario 6
parse_ok 1
start 5.025 5.025
goal 9.775 2.825
waypoints 21
5.025 5.025
5.525 5.025
5.525 5.525
5.525 6.025
6.025 6.025
6.025 6.525
6.025 7.025
6.525 7.025
6.525 7.525
7.025 7.525
7.025 8.025
7.525 8.025
7.525 8.525
8.025 8.525
8.025 9.025
8.525 9.025
8.525 9.525
9.025 9.525
9.025 10.025
9.525 10.025
9.775 2.825
scenario 7
parse_ok 1
start 5.025 5.025
goal 9.775 2.175
waypoints 29
5.025 5.025
5.525 5.025
5.525 5.525
5.525 6.025
6.025 6.025
6.025 6.525
6.525 6.525
7.025 6.525
7.025 7.025
7.525 7.025
7.525 7.525
8.025 7.525
8.025 8.025
8.525 8.025
8.525 8.525
9.025 8.525
9.025 9.025
9.525 9.025
9.775 9.025
9.775 8.625
9.775 8.225
9.775 7.825
9.775 7.425
9.775 7.025
9.775 6.625
9.775 6.225
9.775 5.825
9.775 5.425
9.775 5.025
scenario 8
parse_ok 1
start 5.025 5.025
goal 0.525 9.775
waypoints 39
5.025 5.025
4.775 5.025
4.775 5.275
4.525 5.275
4.525 5.525
4.275 5.525
4.275 5.775
3.775 5.775
3.775 6.025
3.775 6.275
3.775 6.525
4.025 6.525
4.025 6.775
4.275 6.775
4.275 7.025
4.525 7.025
4.525 7.275
4.775 7.275
4.775 7.525
5.025 7.525
5.025 7.775
5.275 7.775
5.275 8.025
5.525 8.025
5.525 8.275
5.775 8.275
5.775 8.525
6.025 8.525
6.025 8.775
6.275 8.775
6.275 9.025
6.525 9.025
6.525 9.275
6.775 9.275
7.025 9.275
7.025 9.525
7.275 9.525
7.275 9.775
0.525 9.775
scenario 9
parse_ok 1
start 5.025 5.025
goal 9.775 1.325
waypoints 30
5.025 5.025
5.525 5.025
5.525 5.525
5.525 6.025
6.025 6.025
6.025 6.525
6.525 6.525
7.025 6.525
7.025 7.025
7.525 7.025
8.025 7.025
8.025 7.525
8.525 7.525
9.025 7.525
9.525 7.525
9.525 6.525
9.525 5.525
9.525 4.525
9.025 4.525
8.525 4.525
8.025 4.525
7.525 4.525
7.025 4.525
6.525 4.525
6.025 4.525
5.525 4.525
5.525 3.525
5.525 2.525
5.525 1.525
5.025 1.525
scenario 10
parse_ok 1
start 5.025 5.025
goal 1.025 0.225
waypoints 40
5.025 5.025
5.025 4.775
4.775 4.775
4.775 4.525
4.525 4.525
4.525 4.275
4.275 4.275
4.275 3.925
3.925 3.925
3.925 3.675
3.675 3.675
3.675 3.425
3.425 3.425
3.425 3.175
3.175 3.175
3.175 2.925
2.925 2.925
2.925 2.675
2.675 2.675
2.675 2.425
2.425 2.425
2.425 2.175
2.175 2.175
2.175 1.925
1.925 1.925
1.925 1.675
1.675 1.675
1.675 1.425
1.425 1.425
1.425 1.175
1.175 1.175
1.175 0.925
0.925 0.925
0.925 0.675
0.675 0.675
0.675 0.425
0.425 0.425
0.425 0.175
0.175 0.175
0.175 0.225
scenario 11
parse_ok 1
start 5.025 5.025
goal 9.025 0.225
waypoints 21
5.0 5.0
5.5 5.0
5.5 5.5
5.0 5.5
5.0 6.0
5.5 6.0
5.5 6.5
6.0 6.5
6.0 7.0
6.5 7.0
6.5 7.5
7.0 7.5
7.0 8.0
7.5 8.0
7.5 8.5
8.0 8.5
8.0 9.0
8.5 9.0
8.5 9.5
9.0 9.5
9.0 10.0
scenario 12
parse_ok 1
start 5.025 5.025
goal 9.775 8.075
waypoints 16
5.025 5.025
5.525 5.025
5.525 5.525
5.525 6.025
5.525 6.525
6.025 6.525
6.525 6.525
7.025 6.525
7.525 6.525
8.025 6.525
8.525 6.525
9.025 6.525
9.525 6.525
9.775 7.025
9.775 7.525
9.775 8.075
scenario 13
parse_ok 1
start 5.025 5.025
goal 9.725 0.225
waypoints 16
5.025 5.025
5.525 5.025
5.525 5.525
5.525 6.025
6.025 6.025
6.025 6.525
6.525 6.525
7.025 6.525
7.025 7.025
7.525 7.025
8.025 7.025
8.025 7.525
8.525 7.525
9.025 7.525
9.525 7.525
9.725 0.225
scenario 14
parse_ok 1
start 5.025 5.025
goal 8.175 0.225
waypoints 16
5.025 5.025
5.525 5.025
5.525 5.525
5.525 6.025
6.025 6.025
6.025 6.525
6.525 6.525
7.025 6.525
7.025 7.025
7.525 7.025
8.025 7.025
8.175 7.025
8.175 6.525
8.175 6.025
8.175 5.525
8.175 5.025
scenario 15
parse_ok 1
start 5.025 5.025
goal 0.975 0.225
waypoints 40
5.025 5.025
4.775 5.025
4.775 5.275
4.525 5.275
4.525 5.525
4.275 5.525
4.275 5.775
3.925 5.775
3.925 6.025
3.675 6.025
3.675 6.275
3.425 6.275
3.425 6.525
3.175 6.525
3.175 6.775
2.925 6.775
2.925 7.025
2.675 7.025
2.675 7.275
2.425 7.275
2.425 7.525
2.175 7.525
2.175 7.775
1.925 7.775
1.925 8.025
1.675 8.025
1.675 8.275
1.425 8.275
1.425 8.525
1.175 8.525
1.175 8.775
0.925 8.775
0.925 9.025
0.675 9.025
0.675 9.275
0.425 9.275
0.425 9.525
0.175 9.525
0.175 9.775
0.175 10.025
scenario 16
parse_ok 1
start 5.025 5.025
goal 0.525 9.775
waypoints 32
5.025 5.025
4.775 5.025
4.775 5.275
4.525 5.275
4.525 5.525
4.275 5.525
4.275 5.775
3.775 5.775
3.775 6.025
3.775 6.275
3.525 6.275
3.525 6.525
3.275 6.525
3.275 6.775
2.775 6.775
2.775 7.025
2.775 7.275
2.525 7.275
2.525 7.525
2.275 7.525
2.275 7.775
1.775 7.775
1.775 8.025
1.775 8.275
1.525 8.275
1.525 8.525
1.275 8.525
1.275 8.775
0.775 8.775
0.775 9.025
0.775 9.275
0.525 9.275
scenario 17
parse_ok 1
start 5.025 5.025
goal 9.775 9.775
waypoints 20
5.025 5.025
5.525 5.025
5.525 5.525
5.525 6.025
6.025 6.025
6.025 6.525
6.525 6.525
6.525 7.025
7.025 7.025
7.025 7.525
7.525 7.525
7.525 8.025
8.025 8.025
8.025 8.525
8.525 8.525
8.525 9.025
9.025 9.025
9.025 9.525
9.525 9.525
9.775 9.775
scenario 18
parse_ok 1
start 5.025 5.025
goal 8.975 9.775
waypoints 14
5.025 5.025
5.775 5.025
5.775 5.775
6.425 5.775
6.425 6.425
7.075 6.425
7.075 7.075
7.725 7.075
7.725 7.725
8.375 7.725
8.375 8.375
8.975 8.375
8.975 9.025
8.975 9.775
scenario 19
parse_ok 1
start 5.025 5.025
goal 9.775 9.775
waypoints 15
5.025 5.025
5.775 5.025
5.775 5.775
6.425 5.775
6.425 6.425
7.075 6.425
7.075 7.075
7.725 7.075
7.725 7.725
8.375 7.725
8.375 8.375
9.025 8.375
9.025 9.025
9.675 9.025
9.775 9.775
scenario 20
parse_ok 1
start 5.025 5.025
goal 9.775 9.775
waypoints 20
5.0 5.0
5.5 5.0
5.5 5.5
6.0 5.5
6.0 6.0
6.5 6.0
6.5 6.5
7.0 6.5
7.0 7.0
7.5 7.0
7.5 7.5
8.0 7.5
8.0 8.0
8.5 8.0
8.5 8.5
9.0 8.5
9.0 9.0
9.5 9.0
9.5 9.5
10.0 9.5
scenario 21
parse_ok 1
start 5.025 5.025
goal 9.775 9.775
waypoints 19
5.025 5.025
5.775 5.025
5.775 5.775
6.275 5.775
6.275 6.275
6.775 6.275
6.775 6.775
7.275 6.775
7.275 7.275
7.775 7.275
7.775 7.775
8.275 7.775
8.275 8.275
8.775 8.275
8.775 8.775
9.275 8.775
9.275 9.275
9.775 9.275
9.775 9.775
scenario 22
parse_ok 1
start 5.025 5.025
goal 9.775 0.225
waypoints 29
5.025 5.025
5.525 5.025
5.525 5.525
5.525 6.025
6.025 6.025
6.025 6.525
6.025 7.025
6.525 7.025
6.525 7.525
7.025 7.525
7.025 8.025
7.525 8.025
7.525 8.525
8.025 8.525
8.025 9.025
8.525 9.025
8.525 9.525
9.025 9.525
9.525 9.525
9.775 9.525
9.775 9.025
9.775 8.525
9.775 8.025
9.775 7.525
9.775 7.025
9.775 6.525
9.775 6.025
9.775 5.525
9.775 5.025
scenario 23
parse_ok 1
start 5.025 5.025
goal 9.775 0.675
waypoints 21
5.025 5.025
5.525 5.025
5.525 5.525
5.525 6.025
6.025 6.025
6.025 6.525
6.025 7.025
6.525 7.025
6.525 7.525
7.025 7.525
7.025 8.025
7.525 8.025
7.525 8.525
8.025 8.525
8.025 9.025
8.525 9.025
8.525 9.525
9.025 9.525
9.025 10.025
9.525 10.025
9.775 0.675
scenario 24
parse_ok 1
start 5.025 5.025
goal 9.775 0.225
waypoints 20
5.025 5.025
5.525 5.025
5.525 5.525
5.525 6.025
6.025 6.025
6.025 6.525
6.025 7.025
6.525 7.025
6.525 7.525
7.025 7.525
7.025 8.025
7.525 8.025
7.525 8.525
8.025 8.525
8.025 9.025
8.525 9.025
8.525 9.525
9.025 9.525
9.025 10.025
9.775 10.025
scenario 25
parse_ok 1
start 5.025 5.025
goal 9.775 0.225
waypoints 20
5.025 5.025
5.525 5.025
5.525 5.525
5.525 6.025
6.025 6.025
6.025 6.525
6.025 7.025
6.525 7.025
6.525 7.525
7.025 7.525
7.025 8.025
7.525 8.025
7.525 8.525
8.025 8.525
8.025 9.025
8.525 9.025
8.525 9.525
9.025 9.525
9.025 10.025
9.775 10.025
scenario 26
parse_ok 1
start 5.025 5.025
goal 9.775 0.225
waypoints 16
5.025 5.025
5.525 5.025
5.525 5.525
5.525 6.025
6.025 6.025
6.025 6.525
6.525 6.525
7.025 6.525
7.025 7.025
7.525 7.025
8.025 7.025
8.025 7.525
8.525 7.525
9.025 7.525
9.525 7.525
9.775 0.225
scenario 27
parse_ok 1
start 5.025 5.025
goal 9.775 9.775
waypoints 19
5.025 5.025
5.775 5.025
5.775 5.775
6.275 5.775
6.275 6.275
6.775 6.275
6.775 6.775
7.275 6.775
7.275 7.275
7.775 7.275
7.775 7.775
8.275 7.775
8.275 8.275
8.775 8.275
8.775 8.775
9.275 8.775
9.275 9.275
9.775 9.275
9.775 9.775
scenario 28
parse_ok 1
start 5.025 5.025
goal 9.675 3.575
waypoints 111
5.025 5.025
5.275 5.025
5.525 5.025
5.775 5.025
6.025 5.025
6.025 5.275
6.025 5.525
6.275 5.525
6.525 5.525
6.775 5.525
7.025 5.525
7.025 5.775
7.025 6.025
7.275 6.025
7.525 6.025
7.775 6.025
8.025 6.025
8.025 6.275
8.025 6.525
8.275 6.525
8.525 6.525
8.775 6.525
9.025 6.525
9.025 6.775
9.025 7.025
9.275 7.025
9.525 7.025
9.775 7.025
10.025 7.025
10.025 7.375
10.025 7.725
9.775 7.725
9.525 7.725
9.275 7.725
8.925 7.725
8.675 7.725
8.425 7.725
8.175 7.725
7.925 7.725
7.675 7.725
7.425 7.725
7.175 7.725
6.925 7.725
6.675 7.725
6.425 7.725
6.175 7.725
5.925 7.725
5.675 7.725
5.425 7.725
5.175 7.725
4.925 7.725
4.675 7.725
4.425 7.725
4.175 7.725
3.925 7.725
3.675 7.725
3.425 7.725
3.175 7.725
2.925 7.725
2.675 7.725
2.425 7.725
2.175 7.725
1.925 7.725
1.675 7.725
1.425 7.725
1.175 7.725
0.925 7.725
0.675 7.725
0.425 7.725
0.175 7.725
0.175 8.025
0.175 8.375
0.425 8.375
0.675 8.375
0.925 8.375
1.175 8.375
1.425 8.375
1.675 8.375
1.925 8.375
2.175 8.375
2.425 8.375
2.675 8.375
2.925 8.375
3.175 8.375
3.425 8.375
3.675 8.375
3.925 8.375
4.175 8.375
4.425 8.375
4.675 8.375
4.925 8.375
5.175 8.375
5.425 8.375
5.675 8.375
5.925 8.375
6.175 8.375
6.425 8.375
6.675 8.375
6.925 8.375
7.175 8.375
7.425 8.375
7.675 8.375
7.925 8.375
8.175 8.375
8.425 8.375
8.675 8.375
8.925 8.375
9.175 8.375
9.425 8.375
9.675 8.375
9.675 3.575
scenario 29
parse_ok 1
start 5.025 5.025
goal 9.775 3.425
waypoints 27
5.025 5.025
5.525 5.025
5.525 5.525
5.525 6.025
5.525 6.525
5.525 7.025
5.525 7.525
5.525 8.025
5.525 8.525
5.525 9.025
6.025 9.025
6.525 9.025
7.025 9.025
7.525 9.025
8.025 9.025
8.525 9.025
9.025 9.025
9.525 9.025
9.775 8.625
9.775 8.175
9.775 7.725
9.775 7.275
9.775 6.825
9.775 6.375
9.775 5.925
9.775 5.475
9.775 5.025
scenario 30
parse_ok 1
start 5.025 5.025
goal 9.775 9.775
waypoints 19
5.025 5.025
5.775 5.025
5.775 5.775
6.275 5.775
6.275 6.275
6.775 6.275
6.775 6.775
7.275 6.775
7.275 7.275
7.775 7.275
7.775 7.775
8.275 7.775
8.275 8.275
8.775 8.275
8.775 8.775
9.275 8.775
9.275 9.275
9.775 9.275
9.775 9.775
scenario 31
parse_ok 1
start 5.025 5.025
goal 2.225 0.225
waypoints 27
5.025 5.025
4.775 5.025
4.775 4.775
4.775 4.525
4.325 4.525
4.325 4.275
4.325 4.025
4.075 4.025
4.075 3.775
4.075 3.525
3.725 3.525
3.725 3.275
3.725 3.025
3.375 3.025
3.375 2.775
3.375 2.525
3.375 2.275
3.375 2.025
3.375 1.775
3.375 1.525
3.375 1.275
3.375 1.025
3.375 0.775
3.375 0.525
3.375 0.275
3.375 0.025
2.225 0.225
scenario 32
parse_ok 1
start 5.025 5.025
goal 9.775 9.775
waypoints 14
5.025 5.025
5.775 5.025
5.775 5.775
6.525 5.775
6.525 6.525
7.275 6.525
7.275 7.275
8.025 7.275
8.025 7.775
8.775 7.775
8.775 9.025
9.525 9.025
9.525 9.775
9.775 9.775
scenario 33
parse_ok 1
start 5.025 5.025
goal 9.775 9.775
waypoints 14
5.025 5.025
5.775 5.025
5.775 5.775
6.525 5.775
6.525 6.525
7.275 6.525
7.275 7.275
8.025 7.275
8.025 7.775
8.775 7.775
8.775 9.025
9.525 9.025
9.525 9.775
9.775 9.775
scenario 34
parse_ok 1
start 5.025 5.025
goal 9.775 0.225
waypoints 16
5.025 5.025
5.525 5.025
5.525 5.525
5.525 6.025
6.025 6.025
6.025 6.525
6.525 6.525
7.025 6.525
7.025 7.025
7.525 7.025
8.025 7.025
8.025 7.525
8.525 7.525
9.025 7.525
9.525 7.525
9.775 0.225
scenario 35
parse_ok 1
start 5.025 5.025
goal 0.525 9.775
waypoints 26
5.025 5.025
4.775 5.025
4.775 5.275
4.775 5.525
4.525 5.525
4.525 5.775
4.525 6.025
4.525 6.275
4.525 6.525
4.275 6.525
4.275 6.775
4.275 7.025
4.275 7.275
3.775 7.275
3.775 7.525
3.775 7.775
3.775 8.025
4.025 8.025
4.025 8.275
4.025 8.525
4.025 8.775
3.775 8.775
3.775 9.025
3.775 9.275
3.775 9.525
0.525 9.525
scenario 36
parse_ok 1
start 5.025 5.025
goal 9.775 0.225
waypoints 111
5.0 5.0
5.5 5.0
6.0 5.0
6.5 5.0
7.0 5.0
7.5 5.0
8.0 5.0
8.5 5.0
9.0 5.0
9.5 5.0
10.0 5.0
10.0 4.75
10.0 4.5
10.0 4.25
10.0 4.0
9.75 4.0
9.5 4.0
9.25 4.0
9.0 4.0
8.75 4.0
8.5 4.0
8.25 4.0
8.0 4.0
7.75 4.0
7.5 4.0
7.25 4.0
7.0 4.0
6.75 4.0
6.5 4.0
6.25 4.0
6.0 4.0
5.75 4.0
5.5 4.0
5.25 4.0
5.0 4.0
5.0 3.75
5.0 3.5
5.0 3.25
5.0 3.0
5.25 3.0
5.5 3.0
5.75 3.0
6.0 3.0
6.25 3.0
6.5 3.0
6.75 3.0
7.0 3.0
7.25 3.0
7.5 3.0
7.75 3.0
8.0 3.0
8.25 3.0
8.5 3.0
8.75 3.0
9.0 3.0
9.25 3.0
9.5 3.0
9.75 3.0
10.0 3.0
10.0 2.75
10.0 2.5
10.0 2.25
10.0 2.0
9.75 2.0
9.5 2.0
9.25 2.0
9.0 2.0
8.75 2.0
8.5 2.0
8.25 2.0
8.0 2.0
7.75 2.0
7.5 2.0
7.25 2.0
7.0 2.0
6.75 2.0
6.5 2.0
6.25 2.0
6.0 2.0
5.75 2.0
5.5 2.0
5.25 2.0
5.0 2.0
5.0 1.75
5.0 1.5
5.0 1.25
5.0 1.0
5.25 1.0
5.5 1.0
5.75 1.0
6.0 1.0
6.25 1.0
6.5 1.0
6.75 1.0
7.0 1.0
7.25 1.0
7.5 1.0
7.75 1.0
8.0 1.0
8.25 1.0
8.5 1.0
8.75 1.0
9.0 1.0
9.25 1.0
9.5 1.0
9.75 1.0
10.0 1.0
10.0 0.75
10.0 0.5
10.0 0.25
9.775 0.225
scenario 37
parse_ok 1
start 5.025 5.025
goal 9.775 0.225
waypoints 16
5.025 5.025
5.525 5.025
5.525 5.525
5.525 6.025
6.025 6.025
6.025 6.525
6.525 6.525
7.025 6.525
7.025 7.025
7.525 7.025
8.025 7.025
8.025 7.525
8.525 7.525
9.025 7.525
9.525 7.525
9.775 0.225
scenario 38
parse_ok 1
start 5.025 5.025
goal 9.775 0.225
waypoints 20
5.025 5.025
5.525 5.025
5.525 5.525
5.525 6.025
6.025 6.025
6.025 6.525
6.025 7.025
6.525 7.025
6.525 7.525
7.025 7.525
7.025 8.025
7.525 8.025
7.525 8.525
8.025 8.525
8.025 9.025
8.525 9.025
8.525 9.525
9.025 9.525
9.025 10.025
9.775 10.025
scenario 39
parse_ok 1
start 5.025 5.025
goal 9.775 0.225
waypoints 111
5.0 5.0
5.5 5.0
6.0 5.0
6.5 5.0
7.0 5.0
7.5 5.0
8.0 5.0
8.5 5.0
9.0 5.0
9.5 5.0
10.0 5.0
10.0 4.75
10.0 4.5
10.0 4.25
10.0 4.0
9.75 4.0
9.5 4.0
9.25 4.0
9.0 4.0
8.75 4.0
8.5 4.0
8.25 4.0
8.0 4.0
7.75 4.0
7.5 4.0
7.25 4.0
7.0 4.0
6.75 4.0
6.5 4.0
6.25 4.0
6.0 4.0
5.75 4.0
5.5 4.0
5.25 4.0
5.0 4.0
5.0 3.75
5.0 3.5
5.0 3.25
5.0 3.0
5.25 3.0
5.5 3.0
5.75 3.0
6.0 3.0
6.25 3.0
6.5 3.0
6.75 3.0
7.0 3.0
7.25 3.0
7.5 3.0
7.75 3.0
8.0 3.0
8.25 3.0
8.5 3.0
8.75 3.0
9.0 3.0
9.25 3.0
9.5 3.0
9.75 3.0
10.0 3.0
10.0 2.75
10.0 2.5
10.0 2.25
10.0 2.0
9.75 2.0
9.5 2.0
9.25 2.0
9.0 2.0
8.75 2.0
8.5 2.0
8.25 2.0
8.0 2.0
7.75 2.0
7.5 2.0
7.25 2.0
7.0 2.0
6.75 2.0
6.5 2.0
6.25 2.0
6.0 2.0
5.75 2.0
5.5 2.0
5.25 2.0
5.0 2.0
5.0 1.75
5.0 1.5
5.0 1.25
5.0 1.0
5.25 1.0
5.5 1.0
5.75 1.0
6.0 1.0
6.25 1.0
6.5 1.0
6.75 1.0
7.0 1.0
7.25 1.0
7.5 1.0
7.75 1.0
8.0 1.0
8.25 1.0
8.5 1.0
8.75 1.0
9.0 1.0
9.25 1.0
9.5 1.0
9.75 1.0
10.0 1.0
10.0 0.75
10.0 0.5
10.0 0.25
9.775 0.225
