scenario 0
parse_ok 1
start 5.025 5.025
goal 0.225 9.775
waypoints 125
5.025 5.025
4.975 5.025
4.925 5.025
4.875 5.025
4.825 5.025
4.775 5.025
4.725 5.025
4.675 5.025
4.625 5.025
4.575 5.025
4.525 5.025
4.475 5.025
4.425 5.025
4.375 5.025
4.325 5.025
4.275 5.025
4.225 5.025
4.175 5.025
4.125 5.025
4.075 5.025
4.025 5.025
3.975 5.025
3.925 5.025
3.875 5.025
3.825 5.025
3.775 5.025
3.725 5.025
3.675 5.075
3.625 5.075
3.575 5.125
3.525 5.175
3.475 5.175
3.425 5.225
3.375 5.225
3.325 5.275
3.275 5.325
3.225 5.375
3.175 5.425
3.125 5.475
3.075 5.525
3.075 5.575
3.075 5.625
3.075 5.675
3.025 5.725
3.025 5.775
2.975 5.825
2.975 5.875
2.925 5.925
2.875 5.975
2.825 6.025
2.775 6.075
2.725 6.125
2.675 6.175
2.625 6.225
2.575 6.275
2.525 6.325
2.475 6.375
2.425 6.425
2.375 6.475
2.325 6.525
2.275 6.575
2.225 6.625
2.175 6.675
2.125 6.725
2.075 6.775
2.025 6.825
1.975 6.875
1.925 6.925
1.875 6.975
1.825 7.025
1.775 7.075
1.725 7.125
1.675 7.175
1.625 7.225
1.575 7.275
1.525 7.325
1.475 7.375
1.425 7.425
1.375 7.475
1.325 7.525
1.275 7.575
1.225 7.625
1.175 7.675
1.125 7.725
1.075 7.775
1.025 7.825
0.975 7.875
0.925 7.925
0.875 7.975
0.825 8.025
0.775 8.075
0.725 8.125
0.675 8.175
0.625 8.225
0.575 8.275
0.525 8.325
0.475 8.375
0.425 8.425
0.375 8.475
0.325 8.525
0.275 8.575
0.225 8.625
0.225 8.675
0.225 8.725
0.225 8.775
0.225 8.825
0.225 8.875
0.225 8.925
0.225 8.975
0.225 9.025
0.225 9.075
0.225 9.125
0.225 9.175
0.225 9.225
0.225 9.275
0.225 9.325
0.225 9.375
0.225 9.425
0.225 9.475
0.225 9.525
0.225 9.575
0.225 9.625
0.225 9.675
0.225 9.725
0.225 9.775
scenario 1
parse_ok 1
start 5.025 5.025
goal 9.775 3.975
waypoints 14
5.025 5.025
5.390384615384615 4.94423076923077
5.755769230769231 4.8634615384615385
6.121153846153847 4.782692307692308
6.486538461538462 4.7019230769230775
6.851923076923077 4.621153846153846
7.217307692307693 4.540384615384616
7.582692307692308 4.459615384615385
7.948076923076924 4.378846153846154
8.313461538461539 4.298076923076923
8.678846153846155 4.217307692307692
9.044230769230769 4.1365384615384615
9.409615384615385 4.055769230769231
9.775 3.975
scenario 2
parse_ok 1
start 5.025 5.025
goal 0.225 9.775
waypoints 111
5.025 5.025
4.975 5.075
4.925 5.125
4.875 5.175
4.825 5.225
4.775 5.275
4.725 5.325
4.675 5.375
4.625 5.425
4.575 5.475
4.525 5.525
4.475 5.575
4.425 5.625
4.375 5.675
4.325 5.725
4.275 5.775
4.225 5.825
4.175 5.875
4.125 5.875
4.075 5.875
4.025 5.875
3.975 5.875
3.925 5.875
3.875 5.875
3.825 5.875
3.775 5.875
3.725 5.875
3.675 5.925
3.625 5.925
3.575 5.975
3.525 6.025
3.475 6.075
3.425 6.125
3.375 6.175
3.325 6.225
3.275 6.225
3.225 6.275
3.175 6.275
3.125 6.275
3.075 6.325
3.025 6.325
2.975 6.375
2.925 6.425
2.875 6.425
2.825 6.475
2.775 6.525
2.725 6.575
2.675 6.625
2.625 6.675
2.575 6.725
2.525 6.775
2.475 6.825
2.425 6.875
2.375 6.925
2.375 6.975
2.325 7.025
2.325 7.075
2.275 7.125
2.225 7.175
2.175 7.225
2.125 7.275
2.075 7.325
2.025 7.375
1.975 7.425
1.925 7.475
1.875 7.525
1.825 7.575
1.775 7.625
1.725 7.675
1.675 7.725
1.625 7.775
1.575 7.825
1.525 7.875
1.475 7.925
1.425 7.975
1.375 8.025
1.325 8.075
1.275 8.125
1.225 8.175
1.175 8.225
1.125 8.275
1.075 8.325
1.025 8.375
0.975 8.425
0.925 8.475
0.875 8.525
0.825 8.575
0.775 8.625
0.725 8.675
0.675 8.725
0.625 8.775
0.575 8.825
0.525 8.875
0.475 8.925
0.425 8.975
0.375 9.025
0.325 9.075
0.275 9.125
0.225 9.175
0.225 9.225
0.225 9.275
0.225 9.325
0.225 9.375
0.225 9.425
0.225 9.475
0.225 9.525
0.225 9.575
0.225 9.625
0.225 9.675
0.225 9.725
0.225 9.775
scenario 3
parse_ok 1
start 5.025 5.025
goal 1.575 9.775
waypoints 96
5.025 5.025
4.975 5.075
4.925 5.125
4.875 5.175
4.875 5.225
4.875 5.275
4.875 5.325
4.875 5.375
4.875 5.425
4.875 5.475
4.875 5.525
4.875 5.575
4.875 5.625
4.875 5.675
4.875 5.725
4.825 5.775
4.825 5.825
4.775 5.875
4.725 5.925
4.675 5.975
4.625 6.025
4.625 6.075
4.575 6.125
4.525 6.175
4.475 6.225
4.425 6.275
4.425 6.325
4.375 6.375
4.325 6.425
4.275 6.475
4.225 6.525
4.175 6.575
4.175 6.625
4.125 6.675
4.075 6.725
4.025 6.775
3.975 6.825
3.925 6.875
3.875 6.925
3.875 6.975
3.825 7.025
3.775 7.075
3.725 7.125
3.675 7.175
3.675 7.225
3.625 7.275
3.575 7.325
3.525 7.375
3.475 7.425
3.425 7.475
3.425 7.525
3.375 7.575
3.325 7.625
3.275 7.675
3.225 7.725
3.175 7.775
3.175 7.825
3.125 7.875
3.075 7.925
3.025 7.975
2.975 8.025
2.975 8.075
2.925 8.125
2.875 8.175
2.825 8.225
2.775 8.275
2.725 8.325
2.725 8.375
2.675 8.425
2.625 8.475
2.575 8.525
2.525 8.575
2.475 8.625
2.475 8.675
2.425 8.725
2.375 8.775
2.325 8.825
2.275 8.875
2.275 8.925
2.225 8.975
2.175 9.025
2.125 9.075
2.075 9.125
2.025 9.175
1.975 9.225
1.975 9.275
1.925 9.325
1.875 9.375
1.825 9.425
1.775 9.475
1.725 9.525
1.725 9.575
1.675 9.625
1.625 9.675
1.575 9.725
1.575 9.775
scenario 4
parse_ok 1
start 5.025 5.025
goal 0.225 9.775
waypoints 109
5.025 5.025
4.975 5.075
4.925 5.125
4.875 5.175
4.825 5.225
4.775 5.275
4.725 5.325
4.675 5.375
4.625 5.425
4.575 5.425
4.525 5.425
4.475 5.425
4.425 5.425
4.375 5.425
4.325 5.425
4.275 5.425
4.225 5.425
4.175 5.425
4.125 5.425
4.075 5.425
4.025 5.425
3.975 5.475
3.925 5.475
3.875 5.525
3.825 5.575
3.775 5.625
3.725 5.675
3.675 5.725
3.675 5.775
3.675 5.825
3.675 5.875
3.625 5.925
3.625 5.975
3.575 6.025
3.525 6.075
3.525 6.125
3.475 6.175
3.425 6.225
3.375 6.275
3.325 6.325
3.275 6.375
3.225 6.425
3.175 6.475
3.125 6.525
3.075 6.575
3.025 6.625
2.975 6.675
2.925 6.725
2.875 6.775
2.825 6.825
2.775 6.875
2.725 6.925
2.675 6.975
2.625 7.025
2.575 7.075
2.525 7.125
2.475 7.175
2.425 7.225
2.375 7.275
2.325 7.325
2.275 7.375
2.225 7.425
2.175 7.475
2.125 7.525
2.075 7.575
2.025 7.625
1.975 7.675
1.925 7.725
1.875 7.775
1.825 7.825
1.775 7.875
1.725 7.925
1.675 7.975
1.625 8.025
1.575 8.075
1.525 8.125
1.475 8.175
1.425 8.225
1.375 8.275
1.325 8.325
1.275 8.375
1.225 8.425
1.175 8.475
1.125 8.525
1.075 8.575
1.025 8.625
0.975 8.675
0.925 8.725
0.875 8.775
0.825 8.825
0.775 8.875
0.725 8.925
0.675 8.975
0.625 9.025
0.575 9.075
0.525 9.125
0.475 9.175
0.425 9.225
0.375 9.275
0.325 9.325
0.275 9.375
0.225 9.425
0.225 9.475
0.225 9.525
0.225 9.575
0.225 9.625
0.225 9.675
0.225 9.725
0.225 9.775
scenario 5
parse_ok 1
start 5.025 5.025
goal 9.775 0.225
waypoints 129
5.025 5.025
5.075 4.975
5.125 4.925
5.175 4.875
5.225 4.825
5.275 4.775
5.325 4.725
5.375 4.675
5.425 4.625
5.475 4.575
5.525 4.575
5.575 4.525
5.625 4.525
5.675 4.475
5.725 4.425
5.775 4.375
5.825 4.325
5.875 4.275
5.925 4.225
5.975 4.225
6.025 4.225
6.075 4.175
6.125 4.175
6.175 4.125
6.225 4.075
6.275 4.025
6.325 3.975
6.375 3.925
6.425 3.875
6.475 3.825
6.525 3.775
6.575 3.725
6.625 3.675
6.675 3.625
6.725 3.575
6.775 3.525
6.825 3.475
6.875 3.425
6.925 3.375
6.975 3.325
7.025 3.275
7.075 3.225
7.125 3.175
7.175 3.125
7.175 3.075
7.175 3.025
7.175 2.975
7.175 2.925
7.175 2.875
7.175 2.825
7.175 2.775
7.175 2.725
7.175 2.675
7.175 2.625
7.175 2.575
7.175 2.525
7.175 2.475
7.175 2.425
7.225 2.375
7.225 2.325
7.275 2.275
7.325 2.225
7.325 2.175
7.325 2.125
7.325 2.075
7.325 2.025
7.325 1.975
7.325 1.925
7.325 1.875
7.325 1.825
7.325 1.775
7.325 1.725
7.325 1.675
7.325 1.625
7.325 1.575
7.325 1.525
7.325 1.475
7.325 1.425
7.325 1.375
7.375 1.325
7.375 1.275
7.425 1.225
7.475 1.175
7.525 1.125
7.575 1.075
7.625 1.025
7.675 0.975
7.725 0.925
7.775 0.875
7.825 0.825
7.875 0.775
7.925 0.725
7.975 0.675
8.025 0.625
8.075 0.575
8.125 0.525
8.175 0.475
8.225 0.425
8.275 0.375
8.325 0.325
8.375 0.275
8.425 0.225
8.475 0.225
8.525 0.225
8.575 0.225
8.625 0.225
8.675 0.225
8.725 0.225
8.775 0.225
8.825 0.225
8.875 0.225
8.925 0.225
8.975 0.225
9.025 0.225
9.075 0.225
9.125 0.225
9.175 0.225
9.225 0.225
9.275 0.225
9.325 0.225
9.375 0.225
9.425 0.225
9.475 0.225
9.525 0.225
9.575 0.225
9.625 0.225
9.675 0.225
9.725 0.225
9.775 0.225
scenario 6
parse_ok 1
start 5.025 5.025
goal 9.775 3.825
waypoints 14
5.025 5.025
5.390384615384615 4.932692307692308
5.755769230769231 4.8403846153846155
6.121153846153847 4.7480769230769235
6.486538461538462 4.655769230769231
6.851923076923077 4.563461538461539
7.217307692307693 4.471153846153847
7.582692307692308 4.378846153846154
7.948076923076924 4.286538461538462
8.313461538461539 4.194230769230769
8.678846153846155 4.101923076923077
9.044230769230769 4.009615384615385
9.409615384615385 3.917307692307692
9.775 3.825
scenario 7
parse_ok 1
start 5.025 5.025
goal 9.775 0.225
waypoints 104
5.025 5.025
5.075 4.975
5.125 4.925
5.175 4.875
5.225 4.825
5.275 4.775
5.325 4.725
5.375 4.675
5.425 4.625
5.475 4.575
5.525 4.525
5.575 4.475
5.625 4.425
5.675 4.375
5.725 4.325
5.775 4.275
5.825 4.225
5.875 4.175
5.925 4.125
5.975 4.075
6.025 4.025
6.075 3.975
6.125 3.925
6.175 3.875
6.225 3.825
6.275 3.775
6.325 3.725
6.375 3.675
6.425 3.625
6.475 3.575
6.525 3.525
6.575 3.475
6.625 3.425
6.675 3.375
6.725 3.325
6.775 3.275
6.825 3.225
6.875 3.175
6.925 3.125
6.925 3.075
6.925 3.025
6.925 2.975
6.925 2.925
6.925 2.875
6.925 2.825
6.975 2.775
6.975 2.725
7.025 2.675
7.075 2.625
7.125 2.575
7.175 2.525
7.225 2.525
7.275 2.575
7.325 2.525
7.375 2.525
7.425 2.475
7.475 2.425
7.525 2.375
7.575 2.325
7.625 2.325
7.675 2.275
7.725 2.275
7.775 2.225
7.825 2.225
7.875 2.175
7.925 2.125
7.975 2.075
8.025 2.025
8.075 1.975
8.125 1.925
8.175 1.875
8.225 1.825
8.275 1.775
8.325 1.725
8.375 1.675
8.425 1.625
8.475 1.575
8.525 1.525
8.575 1.475
8.625 1.425
8.675 1.375
8.725 1.325
8.775 1.275
8.825 1.225
8.875 1.175
8.925 1.125
8.975 1.075
9.025 1.025
9.075 0.975
9.125 0.925
9.175 0.875
9.225 0.825
9.275 0.775
9.325 0.725
9.375 0.675
9.425 0.625
9.475 0.575
9.525 0.525
9.575 0.475
9.625 0.425
9.675 0.375
9.725 0.325
9.775 0.275
9.775 0.225
scenario 8
parse_ok 1
start 5.025 5.025
goal 9.775 0.225
waypoints 18
5.025 5.025
5.304411764705883 4.74264705882353
5.583823529411765 4.460294117647059
5.863235294117647 4.177941176470588
6.142647058823529 3.8955882352941176
6.4220588235294125 3.613235294117647
6.701470588235295 3.3308823529411766
6.980882352941177 3.048529411764706
7.260294117647059 2.7661764705882352
7.5397058823529415 2.4838235294117648
7.819117647058825 2.201470588235294
8.098529411764707 1.9191176470588234
8.37794117647059 1.6367647058823525
8.65735294117647 1.3544117647058824
8.936764705882354 1.0720588235294115
9.216176470588236 0.7897058823529406
9.495588235294118 0.5073529411764701
9.775 0.22499999999999964
scenario 9
parse_ok 1
start 5.025 5.025
goal 9.275 0.225
waypoints 109
5.025 5.025
5.075 4.975
5.125 4.925
5.175 4.875
5.225 4.825
5.275 4.775
5.325 4.725
5.375 4.675
5.425 4.625
5.475 4.575
5.525 4.525
5.575 4.475
5.625 4.425
5.675 4.375
5.725 4.325
5.775 4.275
5.825 4.225
5.875 4.175
5.925 4.125
5.975 4.075
6.025 4.025
6.075 3.975
6.125 3.925
6.175 3.875
6.225 3.825
6.275 3.775
6.325 3.725
6.375 3.675
6.425 3.625
6.475 3.575
6.525 3.525
6.575 3.475
6.575 3.425
6.625 3.375
6.675 3.325
6.725 3.275
6.775 3.225
6.825 3.175
6.875 3.125
6.925 3.075
6.975 3.025
7.025 2.975
7.075 2.925
7.125 2.875
7.175 2.875
7.225 2.875
7.275 2.875
7.325 2.875
7.375 2.875
7.425 2.875
7.475 2.875
7.525 2.875
7.575 2.875
7.625 2.875
7.675 2.825
7.725 2.825
7.775 2.775
7.825 2.775
7.875 2.725
7.925 2.675
7.975 2.625
8.025 2.575
8.075 2.525
8.125 2.475
8.175 2.425
8.225 2.375
8.275 2.325
8.325 2.275
8.375 2.225
8.425 2.175
8.475 2.125
8.525 2.075
8.575 2.025
8.625 1.975
8.675 1.925
8.725 1.875
8.775 1.825
8.825 1.775
8.875 1.725
8.875 1.675
8.875 1.625
8.875 1.575
8.875 1.525
8.875 1.475
8.875 1.425
8.925 1.375
8.925 1.325
8.975 1.275
8.975 1.225
9.025 1.175
9.075 1.125
9.125 1.075
9.175 1.025
9.225 0.975
9.275 0.925
9.275 0.875
9.275 0.825
9.275 0.775
9.275 0.725
9.275 0.675
9.275 0.625
9.275 0.575
9.275 0.525
9.275 0.475
9.275 0.425
9.275 0.375
9.275 0.325
9.275 0.275
9.275 0.225
scenario 10
parse_ok 1
start 5.025 5.025
goal 9.775 0.225
waypoints 18
5.025 5.025
5.304411764705883 4.74264705882353
5.583823529411765 4.460294117647059
5.863235294117647 4.177941176470588
6.142647058823529 3.8955882352941176
6.4220588235294125 3.613235294117647
6.701470588235295 3.3308823529411766
6.980882352941177 3.048529411764706
7.260294117647059 2.7661764705882352
7.5397058823529415 2.4838235294117648
7.819117647058825 2.201470588235294
8.098529411764707 1.9191176470588234
8.37794117647059 1.6367647058823525
8.65735294117647 1.3544117647058824
8.936764705882354 1.0720588235294115
9.216176470588236 0.7897058823529406
9.495588235294118 0.5073529411764701
9.775 0.22499999999999964
scenario 11
parse_ok 1
start 5.025 5.025
goal 9.775 0.225
waypoints 117
5.025 5.025
5.075 4.975
5.125 4.925
5.175 4.875
5.225 4.825
5.275 4.775
5.325 4.725
5.375 4.675
5.425 4.625
5.475 4.575
5.525 4.525
5.575 4.475
5.625 4.425
5.675 4.375
5.725 4.375
5.775 4.375
5.825 4.375
5.875 4.375
5.925 4.325
5.975 4.325
6.025 4.275
6.075 4.225
6.125 4.225
6.175 4.225
6.225 4.225
6.275 4.225
6.325 4.225
6.375 4.225
6.425 4.175
6.475 4.175
6.525 4.125
6.575 4.125
6.625 4.075
6.675 4.025
6.725 4.025
6.775 3.975
6.825 3.975
6.875 3.925
6.925 3.925
6.975 3.875
7.025 3.875
7.075 3.875
7.125 3.875
7.175 3.825
7.225 3.825
7.275 3.775
7.325 3.725
7.375 3.675
7.425 3.625
7.475 3.575
7.525 3.525
7.525 3.475
7.575 3.425
7.625 3.375
7.625 3.325
7.675 3.275
7.675 3.225
7.725 3.175
7.775 3.125
7.825 3.075
7.875 3.025
7.925 2.975
7.975 2.925
8.025 2.875
8.075 2.825
8.125 2.775
8.175 2.725
8.225 2.675
8.275 2.625
8.325 2.575
8.375 2.525
8.425 2.475
8.475 2.425
8.525 2.375
8.575 2.325
8.625 2.275
8.675 2.225
8.725 2.175
8.725 2.125
8.725 2.075
8.725 2.025
8.725 1.975
8.725 1.925
8.725 1.875
8.725 1.825
8.725 1.775
8.725 1.725
8.725 1.675
8.725 1.625
8.725 1.575
8.775 1.525
8.775 1.475
8.825 1.425
8.875 1.375
8.925 1.325
8.975 1.275
9.025 1.225
9.075 1.175
9.125 1.125
9.175 1.075
9.225 1.025
9.275 0.975
9.325 0.925
9.375 0.875
9.425 0.825
9.475 0.775
9.525 0.725
9.575 0.675
9.625 0.625
9.675 0.575
9.725 0.525
9.775 0.475
9.775 0.425
9.775 0.375
9.775 0.325
9.775 0.275
9.775 0.225
scenario 12
parse_ok 1
start 5.025 5.025
goal 0.225 9.775
waypoints 134
5.025 5.025
4.975 5.075
4.925 5.125
4.875 5.175
4.825 5.225
4.775 5.275
4.725 5.325
4.725 5.375
4.725 5.425
4.725 5.475
4.675 5.525
4.675 5.575
4.625 5.625
4.575 5.675
4.575 5.725
4.525 5.775
4.475 5.825
4.425 5.875
4.375 5.875
4.325 5.875
4.275 5.875
4.225 5.875
4.175 5.875
4.125 5.875
4.075 5.875
4.025 5.875
3.975 5.875
3.925 5.875
3.875 5.875
3.825 5.875
3.775 5.875
3.725 5.875
3.675 5.875
3.625 5.875
3.575 5.875
3.525 5.875
3.475 5.875
3.425 5.875
3.375 5.875
3.325 5.875
3.275 5.875
3.225 5.875
3.175 5.875
3.125 5.875
3.075 5.825
3.025 5.825
2.975 5.825
2.925 5.825
2.875 5.825
2.825 5.825
2.775 5.775
2.725 5.775
2.675 5.825
2.625 5.825
2.575 5.875
2.525 5.925
2.475 5.975
2.425 5.975
2.375 6.025
2.325 6.075
2.275 6.125
2.225 6.175
2.175 6.225
2.125 6.275
2.075 6.325
2.025 6.375
1.975 6.425
1.925 6.475
1.875 6.525
1.825 6.575
1.775 6.625
1.725 6.675
1.675 6.725
1.675 6.775
1.675 6.825
1.675 6.875
1.675 6.925
1.625 6.975
1.625 7.025
1.575 7.075
1.575 7.125
1.575 7.175
1.575 7.225
1.575 7.275
1.525 7.325
1.525 7.375
1.475 7.425
1.425 7.475
1.425 7.525
1.375 7.575
1.325 7.625
1.275 7.675
1.225 7.725
1.175 7.775
1.125 7.825
1.075 7.875
1.025 7.925
0.975 7.975
0.925 8.025
0.875 8.075
0.825 8.125
0.775 8.175
0.725 8.225
0.675 8.275
0.625 8.325
0.575 8.375
0.525 8.425
0.475 8.475
0.425 8.525
0.375 8.575
0.325 8.625
0.275 8.675
0.225 8.725
0.225 8.775
0.225 8.825
0.225 8.875
0.225 8.925
0.225 8.975
0.225 9.025
0.225 9.075
0.225 9.125
0.225 9.175
0.225 9.225
0.225 9.275
0.225 9.325
0.225 9.375
0.225 9.425
0.225 9.475
0.225 9.525
0.225 9.575
0.225 9.625
0.225 9.675
0.225 9.725
0.225 9.775
scenario 13
parse_ok 1
start 5.025 5.025
goal 9.775 0.725
waypoints 103
5.025 5.025
5.075 4.975
5.125 4.925
5.175 4.875
5.225 4.825
5.275 4.775
5.325 4.725
5.375 4.675
5.425 4.625
5.475 4.575
5.525 4.525
5.575 4.475
5.625 4.425
5.675 4.375
5.725 4.325
5.775 4.275
5.825 4.225
5.875 4.175
5.925 4.125
5.975 4.075
6.025 4.025
6.075 3.975
6.125 3.925
6.175 3.875
6.225 3.825
6.275 3.775
6.325 3.725
6.375 3.675
6.425 3.625
6.475 3.575
6.525 3.525
6.575 3.475
6.625 3.425
6.675 3.375
6.725 3.325
6.775 3.275
6.825 3.225
6.875 3.175
6.925 3.125
6.975 3.075
7.025 3.025
7.075 2.975
7.125 2.925
7.175 2.875
7.225 2.825
7.275 2.775
7.325 2.725
7.375 2.675
7.425 2.625
7.475 2.575
7.525 2.525
7.575 2.475
7.625 2.425
7.675 2.375
7.725 2.325
7.775 2.275
7.825 2.225
7.875 2.175
7.925 2.125
7.975 2.075
8.025 2.025
8.075 1.975
8.125 1.925
8.175 1.875
8.225 1.825
8.275 1.775
8.325 1.725
8.375 1.675
8.425 1.625
8.475 1.575
8.525 1.525
8.575 1.475
8.625 1.425
8.675 1.375
8.675 1.325
8.675 1.275
8.675 1.225
8.675 1.175
8.675 1.125
8.675 1.075
8.725 1.025
8.725 0.975
8.775 0.925
8.825 0.875
8.875 0.825
8.925 0.775
8.975 0.725
9.025 0.725
9.075 0.725
9.125 0.675
9.175 0.675
9.225 0.625
9.275 0.675
9.325 0.675
9.375 0.725
9.425 0.725
9.475 0.725
9.525 0.775
9.575 0.725
9.625 0.725
9.675 0.725
9.725 0.725
9.775 0.725
scenario 14
parse_ok 1
start 5.025 5.025
goal 9.275 0.225
waypoints 103
5.025 5.025
5.075 4.975
5.125 4.925
5.175 4.875
5.225 4.825
5.275 4.775
5.325 4.725
5.375 4.675
5.425 4.625
5.475 4.575
5.525 4.525
5.575 4.475
5.625 4.425
5.675 4.375
5.725 4.325
5.775 4.275
5.825 4.225
5.875 4.175
5.925 4.125
5.975 4.075
6.025 4.025
6.075 3.975
6.125 3.925
6.175 3.875
6.225 3.825
6.275 3.775
6.325 3.725
6.375 3.675
6.425 3.625
6.475 3.575
6.525 3.525
6.575 3.475
6.625 3.425
6.675 3.375
6.725 3.325
6.775 3.275
6.825 3.225
6.875 3.175
6.925 3.125
6.975 3.075
7.025 3.025
7.075 2.975
7.125 2.925
7.125 2.875
7.125 2.825
7.125 2.775
7.125 2.725
7.125 2.675
7.125 2.625
7.125 2.575
7.125 2.525
7.125 2.475
7.125 2.425
7.125 2.375
7.125 2.325
7.175 2.275
7.175 2.225
7.225 2.175
7.275 2.125
7.325 2.075
7.375 2.025
7.425 1.975
7.475 1.925
7.525 1.875
7.575 1.825
7.625 1.775
7.625 1.725
7.675 1.675
7.675 1.625
7.675 1.575
7.725 1.525
7.725 1.475
7.775 1.425
7.825 1.375
7.875 1.325
7.925 1.275
7.975 1.225
8.025 1.225
8.075 1.225
8.125 1.225
8.175 1.175
8.225 1.175
8.275 1.125
8.325 1.075
8.375 1.025
8.425 0.975
8.475 0.925
8.525 0.875
8.575 0.825
8.625 0.775
8.675 0.725
8.725 0.675
8.775 0.625
8.825 0.575
8.875 0.525
8.925 0.475
8.975 0.425
9.025 0.375
9.075 0.325
9.125 0.275
9.175 0.225
9.225 0.225
9.275 0.225
scenario 15
parse_ok 1
start 5.025 5.025
goal 9.775 0.225
waypoints 101
5.025 5.025
5.075 4.975
5.125 4.925
5.175 4.875
5.225 4.825
5.275 4.775
5.325 4.725
5.375 4.675
5.425 4.625
5.475 4.575
5.525 4.525
5.575 4.475
5.625 4.425
5.675 4.375
5.725 4.325
5.775 4.275
5.825 4.225
5.875 4.175
5.925 4.125
5.975 4.075
6.025 4.025
6.075 3.975
6.125 3.925
6.175 3.875
6.225 3.825
6.275 3.775
6.325 3.725
6.375 3.675
6.425 3.625
6.475 3.575
6.525 3.525
6.575 3.475
6.625 3.425
6.675 3.375
6.725 3.325
6.775 3.275
6.825 3.225
6.875 3.175
6.925 3.125
6.975 3.075
7.025 3.025
7.075 2.975
7.125 2.925
7.175 2.875
7.175 2.825
7.175 2.775
7.225 2.725
7.225 2.675
7.275 2.625
7.325 2.575
7.325 2.525
7.375 2.475
7.425 2.425
7.475 2.375
7.525 2.325
7.575 2.275
7.625 2.225
7.675 2.175
7.725 2.125
7.775 2.075
7.825 2.075
7.875 2.025
7.925 1.975
7.975 1.975
8.025 1.925
8.075 1.925
8.125 1.875
8.175 1.875
8.225 1.825
8.275 1.775
8.325 1.725
8.375 1.675
8.425 1.625
8.475 1.575
8.525 1.525
8.575 1.475
8.625 1.425
8.675 1.375
8.725 1.325
8.775 1.275
8.825 1.225
8.875 1.175
8.925 1.125
8.975 1.075
9.025 1.025
9.075 0.975
9.125 0.925
9.175 0.875
9.225 0.825
9.275 0.775
9.325 0.725
9.375 0.675
9.425 0.625
9.475 0.575
9.525 0.525
9.575 0.475
9.625 0.425
9.675 0.375
9.725 0.325
9.775 0.275
9.775 0.225
scenario 16
parse_ok 1
start 5.025 5.025
goal 0.225 9.775
waypoints 115
5.025 5.025
4.975 5.075
4.925 5.125
4.875 5.175
4.825 5.225
4.775 5.275
4.725 5.325
4.675 5.375
4.625 5.425
4.575 5.475
4.525 5.525
4.475 5.525
4.425 5.525
4.375 5.525
4.325 5.525
4.275 5.525
4.225 5.525
4.175 5.525
4.125 5.525
4.075 5.525
4.025 5.525
3.975 5.525
3.925 5.575
3.875 5.575
3.825 5.575
3.775 5.575
3.725 5.575
3.675 5.575
3.625 5.575
3.575 5.575
3.525 5.625
3.475 5.625
3.425 5.675
3.375 5.725
3.325 5.775
3.275 5.825
3.225 5.875
3.175 5.925
3.125 5.975
3.075 6.025
3.075 6.075
3.025 6.125
2.975 6.175
2.925 6.225
2.875 6.275
2.825 6.325
2.775 6.375
2.725 6.425
2.675 6.475
2.625 6.525
2.575 6.575
2.525 6.625
2.475 6.675
2.425 6.725
2.375 6.775
2.325 6.825
2.275 6.875
2.225 6.925
2.175 6.975
2.125 7.025
2.075 7.075
2.025 7.125
1.975 7.175
1.925 7.225
1.875 7.275
1.825 7.325
1.775 7.375
1.725 7.425
1.675 7.475
1.625 7.525
1.575 7.575
1.525 7.625
1.475 7.675
1.425 7.725
1.375 7.775
1.325 7.825
1.275 7.875
1.225 7.925
1.175 7.975
1.125 8.025
1.075 8.075
1.025 8.125
0.975 8.175
0.925 8.225
0.875 8.275
0.825 8.325
0.775 8.375
0.725 8.425
0.675 8.475
0.625 8.525
0.575 8.575
0.525 8.625
0.475 8.675
0.425 8.725
0.375 8.775
0.325 8.825
0.275 8.875
0.225 8.925
0.225 8.975
0.225 9.025
0.225 9.075
0.225 9.125
0.225 9.175
0.225 9.225
0.225 9.275
0.225 9.325
0.225 9.375
0.225 9.425
0.225 9.475
0.225 9.525
0.225 9.575
0.225 9.625
0.225 9.675
0.225 9.725
0.225 9.775
scenario 17
parse_ok 1
start 5.025 5.025
goal 9.775 0.225
waypoints 102
5.025 5.025
5.075 4.975
5.125 4.925
5.175 4.875
5.225 4.825
5.275 4.775
5.325 4.725
5.375 4.675
5.425 4.675
5.475 4.675
5.525 4.675
5.575 4.675
5.625 4.625
5.675 4.625
5.725 4.575
5.775 4.525
5.825 4.475
5.875 4.425
5.925 4.375
5.975 4.325
6.025 4.275
6.075 4.225
6.125 4.175
6.175 4.125
6.225 4.075
6.275 4.025
6.325 3.975
6.375 3.925
6.425 3.875
6.475 3.825
6.525 3.775
6.575 3.725
6.625 3.675
6.675 3.625
6.725 3.575
6.775 3.525
6.825 3.475
6.875 3.425
6.925 3.375
6.975 3.325
7.025 3.275
7.075 3.225
7.125 3.175
7.175 3.125
7.225 3.075
7.275 3.025
7.325 2.975
7.375 2.925
7.425 2.875
7.475 2.825
7.525 2.775
7.575 2.725
7.625 2.675
7.675 2.625
7.725 2.575
7.775 2.525
7.825 2.475
7.875 2.425
7.925 2.375
7.975 2.325
8.025 2.275
8.075 2.225
8.125 2.175
8.175 2.125
8.225 2.075
8.275 2.025
8.325 1.975
8.375 1.925
8.425 1.875
8.475 1.825
8.525 1.775
8.575 1.725
8.625 1.675
8.675 1.625
8.725 1.575
8.775 1.525
8.825 1.475
8.875 1.425
8.925 1.375
8.975 1.325
9.025 1.275
9.075 1.225
9.125 1.175
9.175 1.125
9.225 1.075
9.275 1.025
9.325 0.975
9.375 0.925
9.425 0.875
9.475 0.825
9.525 0.775
9.575 0.725
9.625 0.675
9.675 0.625
9.725 0.575
9.775 0.525
9.775 0.475
9.775 0.425
9.775 0.375
9.775 0.325
9.775 0.275
9.775 0.225
scenario 18
parse_ok 1
start 5.025 5.025
goal 0.475 0.225
waypoints 111
5.025 5.025
4.975 4.975
4.925 4.925
4.875 4.875
4.825 4.825
4.775 4.775
4.725 4.725
4.675 4.675
4.625 4.625
4.575 4.575
4.525 4.525
4.475 4.475
4.425 4.425
4.375 4.375
4.325 4.375
4.275 4.325
4.225 4.325
4.175 4.275
4.125 4.225
4.075 4.175
4.025 4.125
3.975 4.075
3.925 4.025
3.875 3.975
3.825 3.925
3.775 3.875
3.725 3.825
3.675 3.775
3.625 3.725
3.575 3.675
3.525 3.625
3.475 3.575
3.425 3.525
3.375 3.525
3.325 3.475
3.275 3.425
3.225 3.375
3.175 3.375
3.125 3.375
3.075 3.375
3.025 3.375
2.975 3.375
2.925 3.375
2.875 3.325
2.825 3.325
2.775 3.275
2.725 3.225
2.675 3.175
2.625 3.125
2.575 3.075
2.525 3.025
2.475 2.975
2.425 2.925
2.375 2.925
2.325 2.925
2.275 2.925
2.225 2.875
2.175 2.875
2.125 2.825
2.075 2.775
2.025 2.725
1.975 2.675
1.925 2.625
1.875 2.575
1.825 2.525
1.775 2.475
1.725 2.425
1.675 2.375
1.625 2.325
1.575 2.275
1.525 2.225
1.475 2.175
1.425 2.125
1.375 2.075
1.325 2.025
1.275 1.975
1.225 1.925
1.175 1.875
1.125 1.825
1.075 1.775
1.025 1.725
0.975 1.675
0.925 1.625
0.875 1.575
0.825 1.525
0.775 1.475
0.725 1.425
0.675 1.375
0.625 1.325
0.575 1.275
0.525 1.225
0.475 1.175
0.475 1.125
0.475 1.075
0.475 1.025
0.475 0.975
0.475 0.925
0.475 0.875
0.475 0.825
0.475 0.775
0.475 0.725
0.475 0.675
0.475 0.625
0.475 0.575
0.475 0.525
0.475 0.475
0.475 0.425
0.475 0.375
0.475 0.325
0.475 0.275
0.475 0.225
scenario 19
parse_ok 1
start 5.025 5.025
goal 0.225 9.775
waypoints 107
5.025 5.025
4.975 5.075
4.925 5.125
4.875 5.175
4.825 5.225
4.775 5.275
4.725 5.325
4.675 5.375
4.625 5.425
4.575 5.475
4.525 5.525
4.475 5.575
4.425 5.625
4.375 5.675
4.325 5.725
4.275 5.775
4.225 5.825
4.175 5.875
4.125 5.925
4.075 5.925
4.025 5.925
3.975 5.925
3.925 5.975
3.875 5.975
3.825 6.025
3.775 6.075
3.725 6.125
3.675 6.175
3.625 6.225
3.575 6.275
3.525 6.275
3.475 6.325
3.425 6.375
3.375 6.375
3.325 6.375
3.275 6.425
3.225 6.425
3.175 6.425
3.125 6.425
3.075 6.475
3.025 6.475
2.975 6.525
2.925 6.575
2.875 6.625
2.825 6.675
2.775 6.725
2.725 6.775
2.675 6.825
2.625 6.875
2.625 6.925
2.625 6.975
2.625 7.025
2.625 7.075
2.575 7.125
2.575 7.175
2.525 7.225
2.475 7.275
2.425 7.325
2.375 7.375
2.325 7.425
2.275 7.475
2.225 7.525
2.175 7.575
2.125 7.625
2.075 7.675
2.025 7.725
1.975 7.775
1.925 7.825
1.875 7.875
1.825 7.925
1.775 7.975
1.725 8.025
1.675 8.075
1.625 8.125
1.575 8.175
1.525 8.225
1.475 8.275
1.425 8.325
1.375 8.375
1.325 8.425
1.275 8.475
1.225 8.525
1.175 8.575
1.125 8.625
1.075 8.675
1.025 8.725
0.975 8.775
0.925 8.825
0.875 8.875
0.825 8.925
0.775 8.975
0.725 9.025
0.675 9.075
0.625 9.125
0.575 9.175
0.525 9.225
0.475 9.275
0.425 9.325
0.375 9.375
0.325 9.425
0.275 9.475
0.225 9.525
0.225 9.575
0.225 9.625
0.225 9.675
0.225 9.725
0.225 9.775
scenario 20
parse_ok 1
start 5.025 5.025
goal 9.775 9.175
waypoints 104
5.025 5.025
5.075 5.025
5.125 5.075
5.175 5.125
5.225 5.175
5.275 5.225
5.325 5.275
5.375 5.325
5.425 5.375
5.475 5.425
5.525 5.475
5.575 5.525
5.625 5.575
5.675 5.625
5.725 5.675
5.775 5.725
5.825 5.775
5.875 5.825
5.925 5.875
5.975 5.925
6.025 5.975
6.075 6.025
6.125 6.075
6.175 6.125
6.225 6.175
6.275 6.225
6.325 6.275
6.375 6.325
6.425 6.375
6.475 6.425
6.525 6.475
6.575 6.525
6.625 6.575
6.675 6.625
6.725 6.675
6.775 6.725
6.825 6.775
6.875 6.825
6.925 6.875
6.975 6.925
7.025 6.975
7.075 7.025
7.125 7.075
7.175 7.125
7.225 7.175
7.275 7.225
7.325 7.275
7.375 7.325
7.425 7.375
7.475 7.425
7.525 7.475
7.575 7.525
7.625 7.575
7.675 7.625
7.725 7.675
7.775 7.725
7.825 7.775
7.875 7.825
7.925 7.875
7.975 7.925
8.025 7.975
8.075 8.025
8.125 8.075
8.175 8.125
8.225 8.125
8.275 8.125
8.325 8.125
8.375 8.125
8.425 8.125
8.475 8.125
8.525 8.125
8.575 8.125
8.625 8.125
8.675 8.125
8.725 8.125
8.775 8.125
8.825 8.125
8.875 8.125
8.925 8.175
8.975 8.175
9.025 8.225
9.075 8.225
9.125 8.225
9.175 8.225
9.225 8.275
9.275 8.275
9.325 8.325
9.375 8.375
9.425 8.425
9.475 8.475
9.525 8.525
9.575 8.575
9.625 8.625
9.675 8.675
9.725 8.725
9.775 8.775
9.775 8.825
9.775 8.875
9.775 8.925
9.775 8.975
9.775 9.025
9.775 9.075
9.775 9.125
9.775 9.175
scenario 22
parse_ok 1
start 5.025 5.025
goal 9.775 0.275
waypoints 101
5.025 5.025
5.075 4.975
5.125 4.925
5.175 4.875
5.225 4.825
5.275 4.825
5.325 4.775
5.375 4.775
5.425 4.725
5.475 4.675
5.525 4.625
5.575 4.575
5.625 4.525
5.675 4.475
5.725 4.425
5.775 4.425
5.825 4.375
5.875 4.325
5.925 4.325
5.975 4.275
6.025 4.275
6.075 4.225
6.125 4.175
6.175 4.125
6.225 4.075
6.275 4.025
6.325 3.975
6.375 3.925
6.425 3.875
6.475 3.825
6.525 3.775
6.575 3.725
6.625 3.675
6.675 3.625
6.725 3.575
6.775 3.525
6.825 3.475
6.875 3.425
6.925 3.375
6.975 3.325
7.025 3.275
7.075 3.225
7.125 3.175
7.175 3.125
7.225 3.075
7.275 3.025
7.325 2.975
7.375 2.925
7.425 2.875
7.475 2.825
7.525 2.775
7.575 2.725
7.625 2.675
7.675 2.625
7.725 2.575
7.775 2.525
7.825 2.475
7.875 2.425
7.925 2.375
7.975 2.325
8.025 2.275
8.075 2.225
8.125 2.175
8.175 2.125
8.225 2.075
8.275 2.025
8.325 1.975
8.375 1.925
8.425 1.875
8.475 1.825
8.525 1.775
8.575 1.725
8.625 1.675
8.675 1.625
8.725 1.575
8.775 1.525
8.825 1.475
8.875 1.425
8.925 1.375
8.975 1.325
9.025 1.275
9.075 1.225
9.125 1.175
9.175 1.125
9.225 1.075
9.275 1.025
9.325 0.975
9.375 0.925
9.425 0.875
9.475 0.825
9.525 0.775
9.575 0.725
9.625 0.675
9.675 0.625
9.725 0.575
9.775 0.525
9.775 0.475
9.775 0.425
9.775 0.375
9.775 0.325
9.775 0.275
scenario 24
parse_ok 1
start 5.025 5.025
goal 1.675 0.225
waypoints 114
5.025 5.025
4.975 4.975
4.925 4.925
4.875 4.875
4.825 4.825
4.775 4.775
4.725 4.725
4.675 4.675
4.625 4.625
4.575 4.575
4.525 4.525
4.525 4.475
4.525 4.425
4.525 4.375
4.525 4.325
4.475 4.275
4.475 4.225
4.425 4.175
4.425 4.125
4.425 4.075
4.375 4.025
4.375 3.975
4.325 3.925
4.275 3.875
4.225 3.825
4.175 3.775
4.125 3.725
4.075 3.675
4.075 3.625
4.075 3.575
4.025 3.525
4.025 3.475
4.025 3.425
4.025 3.375
4.025 3.325
4.025 3.275
4.025 3.225
4.025 3.175
4.025 3.125
4.025 3.075
4.025 3.025
4.025 2.975
4.025 2.925
4.025 2.875
4.025 2.825
4.025 2.775
4.025 2.725
4.025 2.675
3.975 2.625
3.975 2.575
3.925 2.525
3.925 2.475
3.925 2.425
3.925 2.375
3.925 2.325
3.925 2.275
3.925 2.225
3.925 2.175
3.925 2.125
3.925 2.075
3.925 2.025
3.925 1.975
3.925 1.925
3.925 1.875
3.925 1.825
3.925 1.775
3.875 1.725
3.875 1.675
3.825 1.625
3.825 1.575
3.775 1.525
3.775 1.475
3.725 1.425
3.675 1.375
3.625 1.325
3.575 1.275
3.525 1.275
3.475 1.275
3.425 1.275
3.375 1.275
3.325 1.275
3.275 1.275
3.225 1.225
3.175 1.225
3.125 1.175
3.075 1.125
3.025 1.075
2.975 1.025
2.925 0.975
2.875 0.925
2.825 0.875
2.775 0.825
2.725 0.775
2.675 0.725
2.625 0.675
2.575 0.625
2.525 0.575
2.475 0.525
2.425 0.475
2.375 0.425
2.325 0.375
2.275 0.325
2.225 0.275
2.175 0.225
2.125 0.225
2.075 0.225
2.025 0.225
1.975 0.225
1.925 0.225
1.875 0.225
1.825 0.225
1.775 0.225
1.725 0.225
1.675 0.225
scenario 25
parse_ok 1
start 5.025 5.025
goal 1.925 0.225
waypoints 16
5.025 5.025
4.818333333333333 4.705
4.611666666666667 4.385
4.405 4.065
4.198333333333333 3.745
3.991666666666667 3.4250000000000003
3.785 3.105
3.578333333333333 2.785
3.371666666666667 2.465
3.165 2.145
2.9583333333333335 1.8250000000000002
2.751666666666667 1.505
2.545 1.1849999999999996
2.338333333333333 0.8649999999999993
2.1316666666666664 0.5449999999999999
1.9249999999999998 0.22499999999999964
scenario 28
parse_ok 1
start 5.025 5.025
goal 1.975 0.225
waypoints 97
5.025 5.025
4.975 4.975
4.925 4.925
4.875 4.875
4.825 4.825
4.825 4.775
4.825 4.725
4.825 4.675
4.825 4.625
4.825 4.575
4.825 4.525
4.825 4.475
4.825 4.425
4.825 4.375
4.825 4.325
4.825 4.275
4.825 4.225
4.775 4.175
4.775 4.125
4.725 4.075
4.675 4.025
4.625 3.975
4.575 3.925
4.575 3.875
4.525 3.825
4.475 3.775
4.425 3.725
4.375 3.675
4.325 3.625
4.325 3.575
4.275 3.525
4.225 3.475
4.175 3.425
4.125 3.375
4.075 3.325
4.025 3.275
4.025 3.225
3.975 3.175
3.925 3.125
3.875 3.075
3.825 3.025
3.825 2.975
3.775 2.925
3.725 2.875
3.675 2.825
3.625 2.775
3.575 2.725
3.525 2.675
3.525 2.625
3.475 2.575
3.425 2.525
3.375 2.475
3.325 2.425
3.275 2.375
3.275 2.325
3.225 2.275
3.175 2.225
3.125 2.175
3.075 2.125
3.025 2.075
3.025 2.025
2.975 1.975
2.925 1.925
2.875 1.875
2.825 1.825
2.775 1.775
2.775 1.725
2.725 1.675
2.675 1.625
2.625 1.575
2.575 1.525
2.575 1.475
2.525 1.425
2.475 1.375
2.425 1.325
2.375 1.275
2.325 1.225
2.325 1.175
2.325 1.125
2.275 1.075
2.275 1.025
2.225 0.975
2.225 0.925
2.175 0.875
2.175 0.825
2.125 0.775
2.125 0.725
2.075 0.675
2.075 0.625
2.075 0.575
2.025 0.525
2.025 0.475
2.025 0.425
1.975 0.375
1.975 0.325
1.975 0.275
1.975 0.225
scenario 29
parse_ok 1
start 5.025 5.025
goal 9.775 0.525
waypoints 97
5.025 5.025
5.075 4.975
5.125 4.925
5.175 4.875
5.225 4.825
5.275 4.775
5.325 4.725
5.375 4.675
5.425 4.625
5.475 4.575
5.525 4.525
5.575 4.475
5.625 4.425
5.675 4.375
5.725 4.325
5.775 4.275
5.825 4.225
5.875 4.225
5.925 4.175
5.975 4.125
6.025 4.125
6.075 4.075
6.125 4.025
6.175 3.975
6.225 3.925
6.275 3.875
6.325 3.875
6.375 3.825
6.425 3.825
6.475 3.775
6.525 3.775
6.575 3.725
6.625 3.675
6.675 3.675
6.725 3.625
6.775 3.575
6.825 3.525
6.875 3.475
6.925 3.425
6.975 3.375
7.025 3.325
7.075 3.275
7.125 3.225
7.175 3.175
7.225 3.125
7.275 3.075
7.325 3.025
7.375 2.975
7.425 2.925
7.475 2.875
7.525 2.825
7.575 2.775
7.625 2.725
7.675 2.675
7.725 2.625
7.775 2.575
7.825 2.525
7.875 2.475
7.925 2.425
7.975 2.375
8.025 2.325
8.075 2.275
8.125 2.225
8.175 2.175
8.225 2.125
8.275 2.075
8.325 2.025
8.375 1.975
8.425 1.925
8.475 1.875
8.525 1.825
8.575 1.775
8.625 1.725
8.675 1.675
8.725 1.625
8.775 1.575
8.825 1.525
8.875 1.475
8.925 1.425
8.975 1.375
9.025 1.325
9.075 1.275
9.125 1.225
9.175 1.175
9.225 1.125
9.275 1.075
9.325 1.025
9.375 0.975
9.425 0.925
9.475 0.875
9.525 0.825
9.575 0.775
9.625 0.725
9.675 0.675
9.725 0.625
9.775 0.575
9.775 0.525
